1.520031583542791331e+00 1.840155686045457539e+00
1.533609801147246765e+00 1.833123933276180617e+00
1.537039698141695165e+00 1.818224461841693618e+00
1.539592108212056942e+00 1.803148047747471949e+00
1.537498567213025469e+00 1.788001830056060948e+00
1.524794905072221374e+00 1.779511550815078724e+00
1.518918841369807371e+00 1.765397289561142502e+00
1.517475599613998138e+00 1.750174589618081589e+00
1.517099025414161195e+00 1.734888278354855595e+00
1.514923588199467153e+00 1.719753194601253865e+00
1.516009029319232093e+00 1.704500806257215118e+00
1.517889089775437128e+00 1.689325862665781441e+00
1.519265708315284069e+00 1.674097013001010881e+00
1.518647309258235545e+00 1.658818876850024715e+00
1.517273225032927719e+00 1.643589838936001524e+00
1.514291358992719827e+00 1.628592796120142294e+00
1.504637116839432576e+00 1.616741003824226475e+00
1.499700486506346575e+00 1.602270456458120274e+00
1.498421285948635218e+00 1.587034003335919596e+00
1.496763373182182111e+00 1.571833196628482421e+00
1.495689635522036820e+00 1.556580012007942049e+00
1.494470456008688553e+00 1.541337732407033645e+00
1.492545434627808421e+00 1.526168466741673502e+00
1.491209466079941759e+00 1.510936002868118244e+00
1.488392115544886485e+00 1.495906999466259268e+00
1.486603058002583300e+00 1.480721110118410344e+00
1.485229681293716686e+00 1.465491958510759973e+00
1.486531317571544220e+00 1.450256904037786621e+00
1.485629502358715381e+00 1.434992759165729659e+00
1.482964326995729776e+00 1.419935998368784036e+00
1.479674581988296378e+00 1.405003135036553941e+00
1.475229105052251244e+00 1.390372709093194104e+00
1.475299170010566430e+00 1.375082148746169075e+00
1.475683164784484580e+00 1.359796012112474806e+00
1.474910019452760013e+00 1.344524658953013097e+00
1.474155960357581119e+00 1.329252300419998978e+00
1.472333737958660738e+00 1.314070322735831242e+00
1.469721376852556549e+00 1.299004169137219611e+00
1.467946831095256366e+00 1.283816552264129607e+00
1.466176010680130481e+00 1.268628473538558676e+00
1.464981289120260044e+00 1.253384270773712617e+00
1.464227781820952590e+00 1.238111897211491064e+00
1.463000880812822535e+00 1.222870239740279530e+00
1.461539399550456420e+00 1.207649280619258914e+00
1.458402573206602604e+00 1.192683542484062054e+00
1.456581567461001425e+00 1.177501416754117125e+00
1.456221256636128336e+00 1.162214722891450558e+00
1.454842798668939174e+00 1.146986019927807465e+00
1.450322576419362797e+00 1.132380290535934808e+00
1.450319903414236000e+00 1.117089328068607390e+00
1.443971323149486174e+00 1.103191756986064753e+00
1.429057894319436528e+00 1.106472272587564643e+00
1.423064614641054604e+00 1.092405240178154546e+00
1.415353700520391333e+00 1.079212723017027642e+00
1.400855721801763432e+00 1.074413037027971418e+00
1.393865574494207005e+00 1.060824482249991041e+00
1.394370465125706282e+00 1.045541934105365778e+00
1.395480503429447516e+00 1.030291329763918018e+00
1.396864722658121227e+00 1.015063616189358475e+00
1.399919245021024272e+00 1.000080844968496141e+00
