#! FIELDS time r cn
 0.000000 2.211456 1.974241
 0.001000 2.215588 1.967981
 0.002000 2.218246 1.957564
 0.003000 2.219430 1.945977
 0.004000 2.219185 1.937611
 0.005000 2.217601 1.936430
 0.006000 2.214805 1.942797
 0.007000 2.210929 1.952711
 0.008000 2.206076 1.960834
 0.009000 2.200297 1.963822
 0.010000 2.193654 1.960771
 0.011000 2.186331 1.952050
 0.012000 2.178670 1.939337
 0.013000 2.171085 1.926794
 0.014000 2.163953 1.920433
 0.015000 2.157559 1.924217
 0.016000 2.152055 1.936460
 0.017000 2.147422 1.950834
 0.018000 2.143449 1.961203
 0.019000 2.139790 1.964996
 0.020000 2.136169 1.962454
 0.021000 2.132586 1.954700
 0.022000 2.129253 1.943781
 0.023000 2.126361 1.934036
 0.024000 2.123939 1.931161
 0.025000 2.121859 1.937861
 0.026000 2.119879 1.950845
 0.027000 2.117674 1.963310
 0.028000 2.114862 1.970244
 0.029000 2.111108 1.970373
 0.030000 2.106335 1.964148
 0.031000 2.100837 1.952419
 0.032000 2.095102 1.938092
 0.033000 2.089587 1.927569
 0.034000 2.084622 1.927273
 0.035000 2.080398 1.937682
 0.036000 2.076938 1.952463
 0.037000 2.074069 1.964100
 0.038000 2.071456 1.968937
 0.039000 2.068826 1.966640
 0.040000 2.066263 1.957717
 0.041000 2.064211 1.943754
 0.042000 2.063185 1.929752
 0.043000 2.063573 1.923404
 0.044000 2.065584 1.929298
 0.045000 2.069238 1.944335
 0.046000 2.074334 1.960330
 0.047000 2.080452 1.970698
 0.048000 2.087097 1.973294
 0.049000 2.094027 1.968070
 0.050000 2.101451 1.955231
 0.051000 2.109804 1.937155
 0.052000 2.119400 1.920967
 0.053000 2.130302 1.915541
 0.054000 2.142315 1.923987
 0.055000 2.155020 1.940649
 0.056000 2.167821 1.956490
 0.057000 2.180047 1.965943
 0.058000 2.191160 1.967593
 0.059000 2.200997 1.961243
 0.060000 2.209768 1.947507
 0.061000 2.217813 1.930739
 0.062000 2.225422 1.919654
 0.063000 2.232763 1.921390
 0.064000 2.239851 1.935039
 0.065000 2.246539 1.952790
 0.066000 2.252528 1.967024
 0.067000 2.257456 1.974478
 0.068000 2.261101 1.974423
 0.069000 2.263578 1.966309
 0.070000 2.265291 1.951080
 0.071000 2.266732 1.934376
 0.072000 2.268326 1.925387
 0.073000 2.270367 1.929857
 0.074000 2.272981 1.944859
 0.075000 2.276097 1.961712
 0.076000 2.279423 1.973289
 0.077000 2.282552 1.976963
 0.078000 2.285241 1.972202
 0.079000 2.287619 1.958848
 0.080000 2.290031 1.939258
 0.081000 2.292782 1.920899
 0.082000 2.296014 1.913139
 0.083000 2.299709 1.919770
 0.084000 2.303705 1.935954
 0.085000 2.307710 1.952968
 0.086000 2.311324 1.964704
 0.087000 2.314180 1.969064
 0.088000 2.316163 1.965538
 0.089000 2.317501 1.954170
 0.090000 2.318610 1.937530
 0.091000 2.319912 1.922432
 0.092000 2.321718 1.917036
 0.093000 2.324190 1.924761
 0.094000 2.327320 1.941493
 0.095000 2.330909 1.959198
 0.096000 2.334595 1.971682
 0.097000 2.338001 1.976406
 0.098000 2.341009 1.972708
 0.099000 2.343869 1.961005
 0.100000 2.347013 1.944704
 0.101000 2.350834 1.931299
 0.102000 2.355555 1.928423
 0.103000 2.361208 1.937707
 0.104000 2.367628 1.953550
 0.105000 2.374452 1.968141
 0.106000 2.381176 1.976638
 0.107000 2.387300 1.977604
 0.108000 2.392527 1.970967
 0.109000 2.396836 1.957727
 0.110000 2.400375 1.941725
 0.111000 2.403350 1.929845
 0.112000 2.405952 1.928062
 0.113000 2.408317 1.936708
 0.114000 2.410489 1.950347
 0.115000 2.412375 1.962309
 0.116000 2.413782 1.968544
 0.117000 2.414577 1.967640
 0.118000 2.414856 1.959518
 0.119000 2.414935 1.945961
 0.120000 2.415162 1.932111
 0.121000 2.415771 1.925064
 0.122000 2.416815 1.928904
 0.123000 2.418161 1.941310
 0.124000 2.419490 1.955759
 0.125000 2.420352 1.966535
 0.126000 2.420307 1.971062
 0.127000 2.419132 1.968868
 0.128000 2.416920 1.960587
 0.129000 2.413964 1.948740
 0.130000 2.410572 1.938399
 0.131000 2.406947 1.935011
 0.132000 2.403152 1.940428
 0.133000 2.399106 1.951418
 0.134000 2.394602 1.962383
 0.135000 2.389363 1.969106
 0.136000 2.383183 1.969837
 0.137000 2.376078 1.964399
 0.138000 2.368329 1.954082
 0.139000 2.360353 1.942617
 0.140000 2.352565 1.935564
 0.141000 2.345291 1.936757
 0.142000 2.338725 1.945132
 0.143000 2.332895 1.955751
 0.144000 2.327662 1.963712
 0.145000 2.322815 1.966489
 0.146000 2.318241 1.963496
 0.147000 2.314049 1.955356
 0.148000 2.310507 1.944483
 0.149000 2.307911 1.935446
 0.150000 2.306503 1.932882
 0.151000 2.306425 1.938014
 0.152000 2.307695 1.947585
 0.153000 2.310187 1.956557
 0.154000 2.313673 1.961365
 0.155000 2.317976 1.960605
 0.156000 2.323133 1.954154
 0.157000 2.329358 1.943361
 0.158000 2.336857 1.932240
 0.159000 2.345662 1.926736
 0.160000 2.355601 1.930725
 0.161000 2.366313 1.942532
 0.162000 2.377303 1.956228
 0.163000 2.388030 1.966257
 0.164000 2.398054 1.970150
 0.165000 2.407197 1.967733
 0.166000 2.415620 1.959956
 0.167000 2.423696 1.949532
 0.168000 2.431831 1.941655
 0.169000 2.440348 1.941626
 0.170000 2.449442 1.950468
 0.171000 2.459154 1.963667
 0.172000 2.469358 1.974880
 0.173000 2.479785 1.980129
 0.174000 2.490144 1.978207
 0.175000 2.500265 1.969124
 0.176000 2.510116 1.954300
 0.177000 2.519700 1.938425
 0.178000 2.529003 1.928821
 0.179000 2.538008 1.930405
 0.180000 2.546713 1.941349
 0.181000 2.555111 1.954791
 0.182000 2.563159 1.964387
 0.183000 2.570793 1.967266
 0.184000 2.578047 1.962873
 0.185000 2.585176 1.951786
 0.186000 2.592567 1.936924
 0.187000 2.600559 1.924677
 0.188000 2.609335 1.921971
 0.189000 2.618898 1.930702
 0.190000 2.629076 1.946000
 0.191000 2.639536 1.960512
 0.192000 2.649854 1.969439
 0.193000 2.659717 1.971151
 0.194000 2.669168 1.965170
 0.195000 2.678589 1.952024
 0.196000 2.688428 1.935610
 0.197000 2.698994 1.923812
 0.198000 2.710405 1.923754
 0.199000 2.722633 1.935755
 0.200000 2.735524 1.953051
 0.201000 2.748827 1.967622
 0.202000 2.762258 1.975091
 0.203000 2.775627 1.974349
 0.204000 2.788924 1.965439
 0.205000 2.802249 1.950120
 0.206000 2.815695 1.934145
 0.207000 2.829330 1.925922
 0.208000 2.843227 1.930281
 0.209000 2.857465 1.944174
 0.210000 2.872080 1.959751
 0.211000 2.887019 1.970748
 0.212000 2.902178 1.974707
 0.213000 2.917550 1.970954
 0.214000 2.933259 1.959507
 0.215000 2.949412 1.943024
 0.216000 2.966005 1.928383
 0.217000 2.982945 1.923361
 0.218000 3.000082 1.930554
 0.219000 3.017223 1.945383
 0.220000 3.034124 1.960279
 0.221000 3.050528 1.969779
 0.222000 3.066285 1.971579
 0.223000 3.081460 1.965038
 0.224000 3.096299 1.951200
 0.225000 3.111094 1.934732
 0.226000 3.126082 1.923662
 0.227000 3.141413 1.924362
 0.228000 3.157123 1.936375
 0.229000 3.173115 1.952998
 0.230000 3.189136 1.966814
 0.231000 3.204857 1.973761
 0.232000 3.220054 1.972732
 0.233000 3.234732 1.963922
 0.234000 3.249028 1.949205
 0.235000 3.263028 1.933573
 0.236000 3.276699 1.924006
 0.237000 3.289913 1.925078
 0.238000 3.302482 1.935535
 0.239000 3.314192 1.949506
 0.240000 3.324849 1.960750
 0.241000 3.334352 1.965508
 0.242000 3.342721 1.962495
 0.243000 3.350012 1.952308
 0.244000 3.356205 1.938187
 0.245000 3.361204 1.926342
 0.246000 3.364926 1.923104
 0.247000 3.367356 1.930437
 0.248000 3.368566 1.944612
 0.249000 3.368693 1.959401
 0.250000 3.367922 1.969859
 0.251000 3.366508 1.973446
 0.252000 3.364776 1.969542
 0.253000 3.363059 1.959571
 0.254000 3.361612 1.947539
 0.255000 3.360604 1.938921
 0.256000 3.360125 1.937680
 0.257000 3.360203 1.943862
 0.258000 3.360806 1.953865
 0.259000 3.361853 1.962801
 0.260000 3.363244 1.966793
 0.261000 3.364882 1.963948
 0.262000 3.366680 1.954504
 0.263000 3.368564 1.941088
 0.264000 3.370502 1.928538
 0.265000 3.372556 1.922018
 0.266000 3.374884 1.924039
 0.267000 3.377728 1.932964
 0.268000 3.381357 1.944370
 0.269000 3.386043 1.953694
 0.270000 3.392042 1.957933
 0.271000 3.399593 1.956136
 0.272000 3.408861 1.949543
 0.273000 3.419880 1.941447
 0.274000 3.432535 1.935963
 0.275000 3.446589 1.935979
 0.276000 3.461734 1.941750
 0.277000 3.477643 1.950979
 0.278000 3.494014 1.960029
 0.279000 3.510597 1.965446
 0.280000 3.527165 1.965170
 0.281000 3.543455 1.959191
 0.282000 3.559128 1.949837
 0.283000 3.573801 1.941299
 0.284000 3.587124 1.937805
 0.285000 3.598848 1.941128
 0.286000 3.608864 1.949500
 0.287000 3.617186 1.958945
 0.288000 3.623898 1.965556
 0.289000 3.629061 1.966798
 0.290000 3.632663 1.961901
 0.291000 3.634669 1.952312
 0.292000 3.635123 1.941886
 0.293000 3.634212 1.935412
 0.294000 3.632270 1.935814
 0.295000 3.629731 1.942457
 0.296000 3.627066 1.951918
 0.297000 3.624692 1.960053
 0.298000 3.622876 1.963559
 0.299000 3.621660 1.960591
 0.300000 3.620888 1.951171
 0.301000 3.620279 1.937897
 0.302000 3.619500 1.926002
 0.303000 3.618229 1.921221
 0.304000 3.616208 1.926203
 0.305000 3.613301 1.938558
 0.306000 3.609530 1.952602
 0.307000 3.605065 1.962918
 0.308000 3.600172 1.966431
 0.309000 3.595162 1.962355
 0.310000 3.590393 1.951971
 0.311000 3.586284 1.939088
 0.312000 3.583271 1.929512
 0.313000 3.581725 1.928222
 0.314000 3.581873 1.936129
 0.315000 3.583765 1.949466
 0.316000 3.587250 1.962376
 0.317000 3.591941 1.970109
 0.318000 3.597225 1.970336
 0.319000 3.602399 1.962754
 0.320000 3.606913 1.949071
 0.321000 3.610505 1.933854
 0.322000 3.613199 1.923994
 0.323000 3.615265 1.925027
 0.324000 3.617181 1.936824
 0.325000 3.619551 1.953427
 0.326000 3.622969 1.967438
 0.327000 3.627823 1.974181
 0.328000 3.634144 1.972222
 0.329000 3.641641 1.962283
 0.330000 3.649868 1.947500
 0.331000 3.658363 1.933971
 0.332000 3.666721 1.928656
 0.333000 3.674646 1.934813
 0.334000 3.681989 1.949249
 0.335000 3.688748 1.964632
 0.336000 3.694993 1.974476
 0.337000 3.700777 1.975834
 0.338000 3.706158 1.968377
 0.339000 3.711316 1.953208
 0.340000 3.716538 1.933842
 0.341000 3.722047 1.917336
 0.342000 3.727866 1.911733
 0.343000 3.733784 1.920192
 0.344000 3.739375 1.937984
 0.345000 3.744045 1.956178
 0.346000 3.747094 1.967872
 0.347000 3.747807 1.970519
 0.348000 3.745642 1.964148
 0.349000 3.740412 1.950247
 0.350000 3.732332 1.933143
 0.351000 3.721956 1.920627
 0.352000 3.710074 1.920217
 0.353000 3.697604 1.933250
 0.354000 3.685442 1.953337
 0.355000 3.674316 1.971279
 0.356000 3.664657 1.981174
 0.357000 3.656559 1.981625
 0.358000 3.649822 1.973179
 0.359000 3.644012 1.957307
 0.360000 3.638518 1.938355
 0.361000 3.632671 1.924532
 0.362000 3.625901 1.923397
 0.363000 3.617871 1.935230
 0.364000 3.608558 1.952517
 0.365000 3.598275 1.966456
 0.366000 3.587608 1.972590
 0.367000 3.577279 1.970210
 0.368000 3.567999 1.959754
 0.369000 3.560359 1.943256
 0.370000 3.554776 1.926787
 0.371000 3.551440 1.919309
 0.372000 3.550277 1.926164
 0.373000 3.550947 1.944098
 0.374000 3.552890 1.963926
 0.375000 3.555417 1.977855
 0.376000 3.557859 1.983243
 0.377000 3.559759 1.980447
 0.378000 3.561021 1.970199
 0.379000 3.561905 1.954408
 0.380000 3.562919 1.938654
 0.381000 3.564692 1.930968
 0.382000 3.567854 1.935774
 0.383000 3.572920 1.949702
 0.384000 3.580188 1.964453
 0.385000 3.589695 1.973401
 0.386000 3.601178 1.974515
 0.387000 3.614043 1.968356
 0.388000 3.627382 1.956203
 0.389000 3.640128 1.941089
 0.390000 3.651317 1.929190
 0.391000 3.660297 1.927172
 0.392000 3.666838 1.936589
 0.393000 3.671165 1.952076
 0.394000 3.673895 1.966004
 0.395000 3.675892 1.973998
 0.396000 3.678052 1.975445
 0.397000 3.681130 1.970949
 0.398000 3.685639 1.961637
 0.399000 3.691760 1.950953
 0.400000 3.699271 1.944949
 0.401000 3.707554 1.948224
 0.402000 3.715697 1.959611
 0.403000 3.722646 1.973075
 0.404000 3.727385 1.982604
 0.405000 3.729112 1.985375
 0.406000 3.727416 1.981062
 0.407000 3.722372 1.970510
 0.408000 3.714519 1.956286
 0.409000 3.704741 1.943635
 0.410000 3.694123 1.938580
 0.411000 3.683783 1.943514
 0.412000 3.674698 1.955021
 0.413000 3.667539 1.966764
 0.414000 3.662554 1.974200
 0.415000 3.659583 1.976174
 0.416000 3.658235 1.973417
 0.417000 3.658074 1.967508
 0.418000 3.658687 1.961674
 0.419000 3.659711 1.960915
 0.420000 3.660898 1.968869
 0.421000 3.662201 1.983958
 0.422000 3.663806 1.999901
 0.423000 3.666103 2.010430
 0.424000 3.669624 2.012871
 0.425000 3.674968 2.007813
 0.426000 3.682619 1.997455
 0.427000 3.692730 1.985449
 0.428000 3.704988 1.977322
 0.429000 3.718643 1.978395
 0.430000 3.732648 1.989607
 0.431000 3.745856 2.005968
 0.432000 3.757210 2.020032
 0.433000 3.765912 2.026715
 0.434000 3.771548 2.024688
 0.435000 3.774172 2.014920
 0.436000 3.774315 1.999950
 0.437000 3.772881 1.984668
 0.438000 3.770961 1.975648
 0.439000 3.769636 1.977237
 0.440000 3.769798 1.988176
 0.441000 3.772008 2.003015
 0.442000 3.776422 2.016308
 0.443000 3.782796 2.024422
 0.444000 3.790573 2.024723
 0.445000 3.798925 2.015823
 0.446000 3.806828 2.000027
 0.447000 3.813241 1.984515
 0.448000 3.817357 1.977488
 0.449000 3.818792 1.982106
 0.450000 3.817688 1.994695
 0.451000 3.814694 2.008685
 0.452000 3.810836 2.019097
 0.453000 3.807271 2.023181
 0.454000 3.805021 2.019221
 0.455000 3.804809 2.007198
 0.456000 3.806994 1.991178
 0.457000 3.811538 1.979108
 0.458000 3.818045 1.977651
 0.459000 3.825859 1.986963
 0.460000 3.834214 2.001440
 0.461000 3.842368 2.015250
 0.462000 3.849740 2.025655
 0.463000 3.856036 2.031437
 0.464000 3.861269 2.030899
 0.465000 3.865635 2.023361
 0.466000 3.869394 2.012598
 0.467000 3.872830 2.006371
 0.468000 3.876250 2.010362
 0.469000 3.879951 2.023120
 0.470000 3.884193 2.037912
 0.471000 3.889166 2.048866
 0.472000 3.894902 2.053976
 0.473000 3.901083 2.053217
 0.474000 3.906940 2.046767
 0.475000 3.911473 2.036639
 0.476000 3.913849 2.028922
 0.477000 3.913724 2.030924
 0.478000 3.911371 2.044349
 0.479000 3.907669 2.062815
 0.480000 3.903965 2.077205
 0.481000 3.901825 2.082368
 0.482000 3.902656 2.077983
 0.483000 3.907314 2.065549
 0.484000 3.915904 2.047152
 0.485000 3.927845 2.027393
 0.486000 3.942084 2.014206
 0.487000 3.957339 2.014401
 0.488000 3.972328 2.027663
 0.489000 3.985967 2.046162
 0.490000 3.997536 2.060465
 0.491000 4.006730 2.065125
 0.492000 4.013522 2.059163
 0.493000 4.017968 2.043914
 0.494000 4.020195 2.022644
 0.495000 4.020551 2.001885
 0.496000 4.019675 1.990080
 0.497000 4.018419 1.992110
 0.498000 4.017673 2.005179
 0.499000 4.018186 2.021068
 0.500000 4.020403 2.032187
 0.501000 4.024357 2.034958
 0.502000 4.029612 2.028982
 0.503000 4.035380 2.015537
 0.504000 4.040780 1.997920
 0.505000 4.045089 1.982134
 0.506000 4.047938 1.974852
 0.507000 4.049392 1.979082
 0.508000 4.049940 1.991737
 0.509000 4.050395 2.005770
 0.510000 4.051724 2.014616
 0.511000 4.054786 2.014789
 0.512000 4.060051 2.005755
 0.513000 4.067404 1.989385
 0.514000 4.076210 1.970366
 0.515000 4.085525 1.955723
 0.516000 4.094364 1.951440
 0.517000 4.101910 1.958435
 0.518000 4.107653 1.972163
 0.519000 4.111446 1.986260
 0.520000 4.113483 1.996074
 0.521000 4.114215 1.999374
 0.522000 4.114234 1.995697
 0.523000 4.114186 1.986515
 0.524000 4.114710 1.975805
 0.525000 4.116364 1.968927
 0.526000 4.119541 1.969574
 0.527000 4.124384 1.977440
 0.528000 4.130744 1.988762
 0.529000 4.138190 1.998819
 0.530000 4.146059 2.003947
 0.531000 4.153516 2.002232
 0.532000 4.159648 1.993823
 0.533000 4.163636 1.981492
 0.534000 4.164962 1.970334
 0.535000 4.163568 1.965418
 0.536000 4.159905 1.968704
 0.537000 4.154871 1.978102
 0.538000 4.149667 1.989453
 0.539000 4.145577 1.999079
 0.540000 4.143719 2.004790
 0.541000 4.144826 2.005842
 0.542000 4.149137 2.003135
 0.543000 4.156391 1.999386
 0.544000 4.165923 1.998043
 0.545000 4.176814 2.001148
 0.546000 4.188068 2.008108
 0.547000 4.198807 2.016517
 0.548000 4.208415 2.023890
 0.549000 4.216605 2.028667
 0.550000 4.223376 2.030341
 0.551000 4.228900 2.029541
 0.552000 4.233428 2.028308
 0.553000 4.237244 2.029581
 0.554000 4.240619 2.035294
 0.555000 4.243776 2.044528
 0.556000 4.246843 2.053786
 0.557000 4.249834 2.059353
 0.558000 4.252631 2.059380
 0.559000 4.254977 2.054166
 0.560000 4.256507 2.045588
 0.561000 4.256849 2.036960
 0.562000 4.255766 2.032779
 0.563000 4.253273 2.037031
 0.564000 4.249701 2.050617
 0.565000 4.245685 2.070255
 0.566000 4.242093 2.090066
 0.567000 4.239899 2.104355
 0.568000 4.239989 2.109462
 0.569000 4.242939 2.104291
 0.570000 4.248826 2.090452
 0.571000 4.257182 2.072480
 0.572000 4.267114 2.057053
 0.573000 4.277514 2.050134
 0.574000 4.287297 2.053500
 0.575000 4.295622 2.063765
 0.576000 4.302053 2.074914
 0.577000 4.306602 2.081718
 0.578000 4.309636 2.081270
 0.579000 4.311712 2.073026
 0.580000 4.313463 2.059133
 0.581000 4.315536 2.044935
 0.582000 4.318520 2.037610
 0.583000 4.322874 2.042499
 0.584000 4.328838 2.059940
 0.585000 4.336390 2.085408
 0.586000 4.345241 2.112163
 0.587000 4.354870 2.133532
 0.588000 4.364574 2.143834
 0.589000 4.373519 2.139348
 0.590000 4.380833 2.120358
 0.591000 4.385777 2.092709
 0.592000 4.387951 2.065949
 0.593000 4.387427 2.048057
 0.594000 4.384774 2.041067
 0.595000 4.380969 2.041539
 0.596000 4.377215 2.044478
 0.597000 4.374662 2.046172
 0.598000 4.374086 2.044432
 0.599000 4.375676 2.038430
 0.600000 4.379067 2.029656
 0.601000 4.383569 2.022279
 0.602000 4.388423 2.020818
 0.603000 4.393008 2.026538
 0.604000 4.396990 2.036352
 0.605000 4.400382 2.045321
 0.606000 4.403528 2.049815
 0.607000 4.406965 2.048442
 0.608000 4.411224 2.041202
 0.609000 4.416655 2.029168
 0.610000 4.423381 2.015366
 0.611000 4.431317 2.004913
 0.612000 4.440212 2.002560
 0.613000 4.449662 2.009038
 0.614000 4.459148 2.020088
 0.615000 4.468090 2.029473
 0.616000 4.475876 2.032754
 0.617000 4.481886 2.028453
 0.618000 4.485476 2.017160
 0.619000 4.486056 2.001280
 0.620000 4.483282 1.985613
 0.621000 4.477244 1.976420
 0.622000 4.468528 1.977946
 0.623000 4.458149 1.989210
 0.624000 4.447376 2.004617
 0.625000 4.437506 2.017840
 0.626000 4.429632 2.024983
 0.627000 4.424417 2.024752
 0.628000 4.421933 2.017403
 0.629000 4.421663 2.004911
 0.630000 4.422716 1.991948
 0.631000 4.424113 1.984980
 0.632000 4.425016 1.988462
 0.633000 4.424905 2.001453
 0.634000 4.423660 2.018546
 0.635000 4.421562 2.033981
 0.636000 4.419169 2.044392
 0.637000 4.417079 2.048457
 0.638000 4.415728 2.046045
 0.639000 4.415374 2.038965
 0.640000 4.416182 2.031914
 0.641000 4.418265 2.030821
 0.642000 4.421649 2.038970
 0.643000 4.426234 2.054846
 0.644000 4.431771 2.073966
 0.645000 4.437882 2.092262
 0.646000 4.444072 2.107286
 0.647000 4.449783 2.117103
 0.648000 4.454499 2.119852
 0.649000 4.457906 2.115351
 0.650000 4.459994 2.106789
 0.651000 4.461067 2.099522
 0.652000 4.461637 2.097383
 0.653000 4.462287 2.100403
 0.654000 4.463519 2.106138
 0.655000 4.465623 2.112295
 0.656000 4.468546 2.117465
 0.657000 4.471783 2.120403
 0.658000 4.474438 2.120250
 0.659000 4.475519 2.117835
 0.660000 4.474241 2.115673
 0.661000 4.470238 2.115503
 0.662000 4.463605 2.116192
 0.663000 4.454877 2.114938
 0.664000 4.444933 2.110232
 0.665000 4.434798 2.102895
 0.666000 4.425402 2.094586
 0.667000 4.417420 2.086396
 0.668000 4.411276 2.079080
 0.669000 4.407212 2.073732
 0.670000 4.405279 2.071027
 0.671000 4.405297 2.069657
 0.672000 4.406828 2.066565
 0.673000 4.409218 2.059382
 0.674000 4.411687 2.048222
 0.675000 4.413430 2.034907
 0.676000 4.413750 2.021324
 0.677000 4.412213 2.009242
 0.678000 4.408791 2.001194
 0.679000 4.403883 2.000060
 0.680000 4.398204 2.006582
 0.681000 4.392601 2.017565
 0.682000 4.387871 2.027418
 0.683000 4.384625 2.031839
 0.684000 4.383186 2.029929
 0.685000 4.383531 2.023249
 0.686000 4.385301 2.014024
 0.687000 4.387912 2.004654
 0.688000 4.390748 1.998053
 0.689000 4.393311 1.996651
 0.690000 4.395322 2.000173
 0.691000 4.396778 2.005157
 0.692000 4.397970 2.007528
 0.693000 4.399434 2.005345
 0.694000 4.401776 1.998881
 0.695000 4.405450 1.989244
 0.696000 4.410627 1.978163
 0.697000 4.417243 1.968818
 0.698000 4.425073 1.965165
 0.699000 4.433753 1.968918
 0.700000 4.442803 1.977543
 0.701000 4.451711 1.986101
 0.702000 4.460019 1.990916
 0.703000 4.467335 1.990986
 0.704000 4.473294 1.986895
 0.705000 4.477587 1.979994
 0.706000 4.480142 1.972982
 0.707000 4.481231 1.969900
 0.708000 4.481413 1.973621
 0.709000 4.481393 1.982974
 0.710000 4.481865 1.993245
 0.711000 4.483367 1.999713
 0.712000 4.486152 2.000167
 0.713000 4.490049 1.994463
 0.714000 4.494432 1.983408
 0.715000 4.498394 1.969134
 0.716000 4.501000 1.955926
 0.717000 4.501487 1.948769
 0.718000 4.499396 1.949844
 0.719000 4.494656 1.956745
 0.720000 4.487622 1.964568
 0.721000 4.479043 1.969398
 0.722000 4.469911 1.969585
 0.723000 4.461237 1.964912
 0.724000 4.453881 1.956225
 0.725000 4.448463 1.946304
 0.726000 4.445315 1.939867
 0.727000 4.444426 1.940813
 0.728000 4.445457 1.948965
 0.729000 4.447841 1.960243
 0.730000 4.450943 1.970085
 0.731000 4.454204 1.975950
 0.732000 4.457148 1.976927
 0.733000 4.459341 1.972860
 0.734000 4.460428 1.965148
 0.735000 4.460253 1.957999
 0.736000 4.458914 1.956977
 0.737000 4.456728 1.964833
 0.738000 4.454169 1.979034
 0.739000 4.451807 1.993841
 0.740000 4.450218 2.004407
 0.741000 4.449764 2.008525
 0.742000 4.450302 2.005824
 0.743000 4.451106 1.997290
 0.744000 4.451176 1.986253
 0.745000 4.449609 1.978498
 0.746000 4.445854 1.979085
 0.747000 4.439831 1.988212
 0.748000 4.432010 2.000933
 0.749000 4.423385 2.011168
 0.750000 4.415302 2.015414
 0.751000 4.409100 2.013057
 0.752000 4.405755 2.005147
 0.753000 4.405760 1.994350
 0.754000 4.409162 1.985718
 0.755000 4.415604 1.985471
 0.756000 4.424384 1.997075
 0.757000 4.434596 2.018158
 0.758000 4.445330 2.041549
 0.759000 4.455862 2.059423
 0.760000 4.465695 2.066775
 0.761000 4.474491 2.062504
 0.762000 4.482033 2.049182
 0.763000 4.488303 2.032642
 0.764000 4.493570 2.020769
 0.765000 4.498385 2.020351
 0.766000 4.503503 2.033252
 0.767000 4.509756 2.055167
 0.768000 4.517923 2.078184
 0.769000 4.528556 2.094748
 0.770000 4.541739 2.100059
 0.771000 4.556897 2.092743
 0.772000 4.572870 2.075128
 0.773000 4.588233 2.053226
 0.774000 4.601665 2.035136
 0.775000 4.612221 2.027572
 0.776000 4.619500 2.032787
 0.777000 4.623769 2.048209
 0.778000 4.625917 2.068525
 0.779000 4.627194 2.088059
 0.780000 4.628776 2.102192
 0.781000 4.631400 2.108310
 0.782000 4.635275 2.106870
 0.783000 4.640184 2.102085
 0.784000 4.645618 2.100697
 0.785000 4.650928 2.108810
 0.786000 4.655479 2.129235
 0.787000 4.658798 2.161394
 0.788000 4.660660 2.202866
 0.789000 4.661050 2.250289
 0.790000 4.660073 2.299336
 0.791000 4.657938 2.345389
 0.792000 4.655053 2.385524
 0.793000 4.652049 2.419962
 0.794000 4.649716 2.450995
 0.795000 4.648854 2.480188
 0.796000 4.650124 2.506488
 0.797000 4.653905 2.526534
 0.798000 4.660146 2.536278
 0.799000 4.668265 2.532516
 0.800000 4.677124 2.513971
 0.801000 4.685213 2.482226
 0.802000 4.690989 2.442492
 0.803000 4.693225 2.403100
 0.804000 4.691285 2.373019
 0.805000 4.685280 2.358663
 0.806000 4.676065 2.362132
 0.807000 4.665039 2.381522
 0.808000 4.653755 2.412057
 0.809000 4.643493 2.447214
 0.810000 4.635016 2.480264
 0.811000 4.628575 2.506425
 0.812000 4.624016 2.524240
 0.813000 4.620898 2.534788
 0.814000 4.618608 2.539499
 0.815000 4.616482 2.538550
 0.816000 4.613929 2.530805
 0.817000 4.610506 2.514742
 0.818000 4.605902 2.489352
 0.819000 4.599931 2.454654
 0.820000 4.592614 2.412085
 0.821000 4.584278 2.365032
 0.822000 4.575560 2.318896
 0.823000 4.567300 2.279736
 0.824000 4.560392 2.251859
 0.825000 4.555608 2.236093
 0.826000 4.553423 2.230054
 0.827000 4.553830 2.229734
 0.828000 4.556242 2.230937
 0.829000 4.559545 2.230111
 0.830000 4.562392 2.225050
 0.831000 4.563602 2.215436
 0.832000 4.562446 2.202483
 0.833000 4.558781 2.187696
 0.834000 4.553053 2.171854
 0.835000 4.546172 2.154994
 0.836000 4.539286 2.137008
 0.837000 4.533453 2.118052
 0.838000 4.529331 2.098651
 0.839000 4.527021 2.079859
 0.840000 4.526103 2.063725
 0.841000 4.525784 2.053426
 0.842000 4.525076 2.052003
 0.843000 4.523001 2.060027
 0.844000 4.518766 2.074228
 0.845000 4.511884 2.088788
 0.846000 4.502206 2.098304
 0.847000 4.489833 2.099872
 0.848000 4.475041 2.093301
 0.849000 4.458332 2.080694
 0.850000 4.440516 2.066288
 0.851000 4.422694 2.055695
 0.852000 4.406097 2.053686
 0.853000 4.391851 2.061583
 0.854000 4.380747 2.076476
 0.855000 4.373074 2.093077
 0.856000 4.368513 2.106498
 0.857000 4.366148 2.113740
 0.858000 4.364654 2.113577
 0.859000 4.362609 2.106361
 0.860000 4.358820 2.094513
 0.861000 4.352565 2.082395
 0.862000 4.343730 2.074339
 0.863000 4.332805 2.071904
 0.864000 4.320780 2.073133
 0.865000 4.308929 2.074565
 0.866000 4.298483 2.073828
 0.867000 4.290257 2.070484
 0.868000 4.284444 2.065366
 0.869000 4.280621 2.060162
 0.870000 4.277968 2.057339
 0.871000 4.275530 2.059229
 0.872000 4.272442 2.066020
 0.873000 4.268112 2.074455
 0.874000 4.262313 2.079361
 0.875000 4.255197 2.077157
 0.876000 4.247165 2.067961
 0.877000 4.238710 2.054560
 0.878000 4.230319 2.040449
 0.879000 4.222463 2.029401
 0.880000 4.215633 2.025767
 0.881000 4.210297 2.032864
 0.882000 4.206796 2.049405
 0.883000 4.205251 2.068289
 0.884000 4.205508 2.080519
 0.885000 4.207087 2.080739
 0.886000 4.209133 2.069106
 0.887000 4.210484 2.049287
 0.888000 4.209980 2.026418
 0.889000 4.206842 2.006769
 0.890000 4.200924 1.997094
 0.891000 4.192772 2.001427
 0.892000 4.183496 2.017441
 0.893000 4.174540 2.036861
 0.894000 4.167378 2.050445
 0.895000 4.163156 2.052889
 0.896000 4.162435 2.043737
 0.897000 4.165127 2.025621
 0.898000 4.170591 2.003052
 0.899000 4.177796 1.982327
 0.900000 4.185512 1.970326
 0.901000 4.192547 1.970878
 0.902000 4.197954 1.981671
 0.903000 4.201205 1.995555
 0.904000 4.202249 2.005382
 0.905000 4.201452 2.007510
 0.906000 4.199433 2.001608
 0.907000 4.196890 1.989297
 0.908000 4.194476 1.974142
 0.909000 4.192763 1.962000
 0.910000 4.192178 1.958912
 0.911000 4.192941 1.966765
 0.912000 4.195026 1.981400
 0.913000 4.198142 1.995837
 0.914000 4.201710 2.005043
 0.915000 4.204893 2.007272
 0.916000 4.206785 2.002575
 0.917000 4.206706 1.992265
 0.918000 4.204436 1.980124
 0.919000 4.200283 1.972289
 0.920000 4.195029 1.973362
 0.921000 4.189774 1.982333
 0.922000 4.185712 1.993564
 0.923000 4.183839 2.001609
 0.924000 4.184721 2.003949
 0.925000 4.188375 1.999939
 0.926000 4.194286 1.989758
 0.927000 4.201520 1.975718
 0.928000 4.208917 1.963519
 0.929000 4.215327 1.959528
 0.930000 4.219848 1.965511
 0.931000 4.222002 1.977025
 0.932000 4.221812 1.987497
 0.933000 4.219752 1.992947
 0.934000 4.216624 1.992539
 0.935000 4.213445 1.986667
 0.936000 4.211333 1.976607
 0.937000 4.211334 1.966074
 0.938000 4.214213 1.961087
 0.939000 4.220313 1.965841
 0.940000 4.229494 1.978655
 0.941000 4.241147 1.993302
 0.942000 4.254273 2.004232
 0.943000 4.267643 2.009396
 0.944000 4.280022 2.008769
 0.945000 4.290417 2.002733
 0.946000 4.298179 1.993269
 0.947000 4.303117 1.985681
 0.948000 4.305536 1.986200
 0.949000 4.306200 1.996432
 0.950000 4.306190 2.011609
 0.951000 4.306671 2.025130
 0.952000 4.308612 2.033547
 0.953000 4.312511 2.036583
 0.954000 4.318205 2.034749
 0.955000 4.324913 2.029197
 0.956000 4.331480 2.023819
 0.957000 4.336690 2.025026
 0.958000 4.339532 2.036945
 0.959000 4.339408 2.057442
 0.960000 4.336253 2.080469
 0.961000 4.330536 2.101635
 0.962000 4.323126 2.119969
 0.963000 4.315060 2.135389
 0.964000 4.307316 2.147108
 0.965000 4.300665 2.155397
 0.966000 4.295591 2.163530
 0.967000 4.292257 2.175154
 0.968000 4.290510 2.189429
 0.969000 4.289933 2.200832
 0.970000 4.289947 2.204797
 0.971000 4.289911 2.202361
 0.972000 4.289180 2.198755
 0.973000 4.287141 2.199482
 0.974000 4.283321 2.209140
 0.975000 4.277573 2.232687
 0.976000 4.270198 2.274369
 0.977000 4.261957 2.332799
 0.978000 4.253952 2.398123
 0.979000 4.247417 2.456109
 0.980000 4.243487 2.495327
 0.981000 4.242951 2.509977
 0.982000 4.246035 2.497764
 0.983000 4.252259 2.458720
 0.984000 4.260476 2.398216
 0.985000 4.269130 2.330294
 0.986000 4.276619 2.274165
 0.987000 4.281657 2.244057
 0.988000 4.283516 2.242187
 0.989000 4.282150 2.261226
 0.990000 4.278179 2.291092
 0.991000 4.272671 2.322251
 0.992000 4.266779 2.345753
 0.993000 4.261463 2.354370
 0.994000 4.257350 2.346071
 0.995000 4.254766 2.325488
 0.996000 4.253777 2.299456
 0.997000 4.254232 2.270958
 0.998000 4.255806 2.238869
 0.999000 4.258058 2.203207
 1.000000 4.260513 2.167836
 1.001000 4.262767 2.137042
 1.002000 4.264617 2.111929
 1.003000 4.266097 2.091532
 1.004000 4.267462 2.076483
 1.005000 4.269181 2.069500
 1.006000 4.271928 2.071116
 1.007000 4.276475 2.076425
 1.008000 4.283539 2.077937
 1.009000 4.293627 2.071481
 1.010000 4.306932 2.057880
 1.011000 4.323266 2.039706
 1.012000 4.341942 2.018811
 1.013000 4.361740 1.997888
 1.014000 4.381126 1.982823
 1.015000 4.398634 1.980225
 1.016000 4.413203 1.991192
 1.017000 4.424382 2.008939
