4.213323900853384707e+00 1.973331333318048664e+00
4.182222600394712941e+00 1.973738069698135922e+00
4.151200770968134890e+00 1.975986104583002723e+00
4.120107588016120204e+00 1.975210881951901642e+00
4.089017983086995933e+00 1.974268640645732376e+00
4.057914553416981818e+00 1.974087016126552685e+00
4.026818019207562216e+00 1.974765908324797703e+00
3.995723892126757715e+00 1.975547816402604351e+00
3.964623917588820934e+00 1.976045720452743293e+00
3.933542580138532418e+00 1.977218827049348926e+00
3.902564584694268479e+00 1.974587065654177076e+00
3.871573989242938385e+00 1.976875977424181752e+00
3.840550174556180085e+00 1.974810958064312727e+00
3.809540811061685961e+00 1.972387396269662085e+00
3.778477662702074635e+00 1.970816530985356474e+00
3.747440393182110974e+00 1.968785453393306684e+00
3.716350852565079688e+00 1.969512606591114157e+00
3.685301506511634351e+00 1.967711006912286065e+00
3.654233535191045767e+00 1.969206828668562004e+00
3.623171045277677749e+00 1.970812391045401846e+00
3.592105052337968285e+00 1.969339711133016868e+00
3.561012049587911399e+00 1.970045690992703324e+00
3.529925125678786468e+00 1.969085131803802735e+00
3.498990253535753325e+00 1.965890145738807160e+00
3.467908055965282177e+00 1.964812272291649231e+00
3.436847997358811746e+00 1.963167225047312003e+00
3.405745770549851503e+00 1.963012931627636792e+00
3.374674054960932423e+00 1.964417899884272289e+00
3.343571166052960120e+00 1.964459851997313766e+00
3.312507368798033980e+00 1.962916848418375881e+00
3.281497548755918370e+00 1.965211527962053228e+00
3.250476245817673693e+00 1.967477423554405469e+00
3.219442025603051150e+00 1.965506362504216398e+00
3.188341307794980040e+00 1.965229068404247270e+00
3.157276235089994110e+00 1.963695251948794240e+00
3.126175864453640596e+00 1.963231005888136371e+00
3.095083830533423619e+00 1.964084642292073912e+00
3.064004770982865722e+00 1.962907765299038099e+00
3.032912416886840212e+00 1.962064249369924296e+00
3.001809259361605253e+00 1.961874458447488534e+00
2.970779790411403720e+00 1.959737743709036195e+00
2.939682028989010210e+00 1.959197741021472261e+00
2.908615967369360344e+00 1.960696348223871288e+00
2.877665300293092976e+00 1.963754945802284491e+00
2.846644999441335866e+00 1.961768173826766937e+00
2.815589327489978810e+00 1.960037794020087265e+00
2.784503060801592156e+00 1.960876359476753761e+00
2.753399760621677572e+00 1.960945413724372033e+00
2.722369309479601540e+00 1.958888591566740001e+00
2.691272979830569234e+00 1.959218536591745385e+00
2.660169855479884937e+00 1.959054523581256868e+00
2.629086543663338382e+00 1.960158022202476813e+00
2.598056735155187091e+00 1.962291196452648157e+00
2.566967368578871422e+00 1.961556604471735854e+00
2.535906618989064221e+00 1.959929316876667604e+00
2.504811255416321547e+00 1.959211555166616492e+00
2.473727756796831656e+00 1.960276043673783830e+00
2.442648098956996972e+00 1.961505345664189992e+00
2.411617026172217404e+00 1.959474199917249804e+00
2.380540618013951448e+00 1.960563202924479054e+00
2.349471611403182614e+00 1.962036672091462375e+00
2.318476332011408125e+00 1.959561845596256457e+00
2.287586878438614413e+00 1.955918013620930429e+00
2.256809955238801457e+00 1.960371888452673517e+00
2.225719678664890289e+00 1.960119113781082278e+00
2.194670869277515646e+00 1.958296508094646171e+00
2.163636045024525778e+00 1.956224369808999386e+00
2.132558093744548966e+00 1.957330020746233412e+00
2.101486900691776238e+00 1.958757238633053177e+00
2.070410514260796919e+00 1.960066527951434212e+00
2.039310011131881151e+00 1.960525693429597371e+00
2.008206170947781199e+00 1.960469254087317426e+00
1.977679697774348933e+00 1.954595101259541279e+00
1.947048119636398678e+00 1.949290213470518784e+00
1.915946868559510685e+00 1.949695430384954076e+00
1.884851567771236969e+00 1.948961541026650313e+00
1.853914470970068784e+00 1.945789894347786930e+00
1.822888840510137332e+00 1.943613419815720000e+00
1.791799832241948165e+00 1.944577727652409216e+00
1.760711102376238291e+00 1.945550969070913183e+00
1.729610635659586615e+00 1.945088194453856056e+00
1.698510657753960151e+00 1.944590500800074340e+00
1.667406750893383194e+00 1.944620645907157330e+00
1.636304990820310001e+00 1.944251073464188240e+00
1.605232353592721761e+00 1.945644839530388692e+00
1.575645058630320561e+00 1.938095459749038296e+00
1.574277669479958952e+00 1.907431951715540697e+00
1.549224813944266810e+00 1.888998044444619495e+00
1.523963759995713874e+00 1.870850441900156813e+00
1.520016003077381272e+00 1.840002601977789531e+00
