#! FIELDS time d cn0
 0.000000 1.502593 1.458051
 0.001000 1.505314 1.456698
 0.002000 1.508363 1.479853
 0.003000 1.511484 1.521912
 0.004000 1.514400 1.570474
 0.005000 1.516783 1.618217
 0.006000 1.518301 1.665231
 0.007000 1.518853 1.711415
 0.008000 1.518706 1.752019
 0.009000 1.518212 1.782302
 0.010000 1.517560 1.805536
 0.011000 1.516803 1.831675
 0.012000 1.515965 1.866566
 0.013000 1.515082 1.905216
 0.014000 1.514169 1.936009
 0.015000 1.513125 1.950883
 0.016000 1.511691 1.948705
 0.017000 1.509636 1.929468
 0.018000 1.507083 1.890409
 0.019000 1.504379 1.829925
 0.020000 1.501730 1.755565
 0.021000 1.499131 1.683911
 0.022000 1.496464 1.628483
 0.023000 1.493573 1.589674
 0.024000 1.490244 1.557569
 0.025000 1.486139 1.523634
 0.026000 1.480821 1.486337
 0.027000 1.474042 1.446205
 0.028000 1.466027 1.401492
 0.029000 1.457276 1.351408
 0.030000 1.448292 1.303077
 0.031000 1.439562 1.270375
 0.032000 1.431602 1.262582
 0.033000 1.424956 1.276556
 0.034000 1.420090 1.300619
 0.035000 1.417248 1.324858
 0.036000 1.416361 1.345717
 0.037000 1.417229 1.361856
 0.038000 1.419840 1.370032
 0.039000 1.424282 1.367070
 0.040000 1.430430 1.355471
 0.041000 1.437882 1.344154
 0.042000 1.446103 1.341566
 0.043000 1.454562 1.349002
 0.044000 1.462776 1.360446
 0.045000 1.470262 1.368585
 0.046000 1.476484 1.370609
 0.047000 1.480926 1.367412
 0.048000 1.483278 1.359258
 0.049000 1.483464 1.344926
 0.050000 1.481502 1.325571
 0.051000 1.477484 1.307594
 0.052000 1.471638 1.298449
 0.053000 1.464363 1.299339
 0.054000 1.456182 1.303804
 0.055000 1.447608 1.304097
 0.056000 1.439009 1.297725
 0.057000 1.430627 1.286830
 0.058000 1.422873 1.274008
 0.059000 1.416462 1.261367
 0.060000 1.412139 1.253474
 0.061000 1.410420 1.258453
 0.062000 1.411552 1.282487
 0.063000 1.415540 1.323394
 0.064000 1.422143 1.371446
 0.065000 1.430828 1.416896
 0.066000 1.440836 1.455568
 0.067000 1.451462 1.487313
 0.068000 1.462324 1.512463
 0.069000 1.473193 1.532282
 0.070000 1.483728 1.552671
 0.071000 1.493483 1.584006
 0.072000 1.502065 1.633814
 0.073000 1.509251 1.699954
 0.074000 1.515027 1.771663
 0.075000 1.519520 1.836773
 0.076000 1.522889 1.887324
 0.077000 1.525250 1.919695
 0.078000 1.526698 1.932851
 0.079000 1.527353 1.928119
 0.080000 1.527362 1.910328
 0.081000 1.526934 1.887250
 0.082000 1.526368 1.865241
 0.083000 1.525985 1.845242
 0.084000 1.526039 1.823616
 0.085000 1.526610 1.797007
 0.086000 1.527533 1.766700
 0.087000 1.528444 1.737569
 0.088000 1.529027 1.713190
 0.089000 1.529211 1.693474
 0.090000 1.529046 1.677519
 0.091000 1.528515 1.668366
 0.092000 1.527514 1.672703
 0.093000 1.525936 1.694207
 0.094000 1.523719 1.728385
 0.095000 1.520845 1.765248
 0.096000 1.517292 1.797290
 0.097000 1.512996 1.823073
 0.098000 1.507954 1.843019
 0.099000 1.502405 1.855272
 0.100000 1.496839 1.857531
 0.101000 1.491821 1.852488
 0.102000 1.487856 1.848906
 0.103000 1.485355 1.854562
 0.104000 1.484602 1.868692
 0.105000 1.485696 1.882335
 0.106000 1.488492 1.886225
 0.107000 1.492597 1.877153
 0.108000 1.497571 1.856403
 0.109000 1.503228 1.825603
 0.110000 1.509633 1.786629
 0.111000 1.516852 1.745594
 0.112000 1.524818 1.714322
 0.113000 1.533354 1.703746
 0.114000 1.542214 1.715637
 0.115000 1.551079 1.742069
 0.116000 1.559525 1.773110
 0.117000 1.567015 1.803633
 0.118000 1.573053 1.832045
 0.119000 1.577469 1.855610
 0.120000 1.580481 1.870192
 0.121000 1.582466 1.875705
 0.122000 1.583763 1.879428
 0.123000 1.584614 1.889985
 0.124000 1.585121 1.908360
 0.125000 1.585230 1.926394
 0.126000 1.584707 1.934077
 0.127000 1.583154 1.926784
 0.128000 1.580165 1.905032
 0.129000 1.575647 1.871266
 0.130000 1.569884 1.829426
 0.131000 1.563297 1.787662
 0.132000 1.556261 1.759210
 0.133000 1.549103 1.755780
 0.134000 1.542105 1.778916
 0.135000 1.535472 1.818842
 0.136000 1.529261 1.862014
 0.137000 1.523343 1.899166
 0.138000 1.517530 1.925700
 0.139000 1.511833 1.938187
 0.140000 1.506557 1.934280
 0.141000 1.502125 1.916108
 0.142000 1.498942 1.892044
 0.143000 1.497355 1.872152
 0.144000 1.497614 1.860799
 0.145000 1.499805 1.854374
 0.146000 1.503784 1.846570
 0.147000 1.509151 1.836004
 0.148000 1.515312 1.826772
 0.149000 1.521770 1.822107
 0.150000 1.528417 1.820804
 0.151000 1.535403 1.820857
 0.152000 1.542853 1.825382
 0.153000 1.550767 1.841284
 0.154000 1.559027 1.870814
 0.155000 1.567386 1.906864
 0.156000 1.575420 1.937681
 0.157000 1.582500 1.955868
 0.158000 1.587892 1.960887
 0.159000 1.591078 1.953780
 0.160000 1.592041 1.933434
 0.161000 1.591106 1.899921
 0.162000 1.588617 1.861781
 0.163000 1.584835 1.835465
 0.164000 1.579949 1.833339
 0.165000 1.574086 1.853992
 0.166000 1.567270 1.885273
 0.167000 1.559372 1.915454
 0.168000 1.550151 1.938569
 0.169000 1.539523 1.951258
 0.170000 1.527831 1.950183
 0.171000 1.515690 1.934342
 0.172000 1.503748 1.910046
 0.173000 1.492645 1.889421
 0.174000 1.482973 1.880406
 0.175000 1.475174 1.880515
 0.176000 1.469408 1.882187
 0.177000 1.465475 1.882729
 0.178000 1.462914 1.885209
 0.179000 1.461454 1.890969
 0.180000 1.461358 1.895826
 0.181000 1.463130 1.895030
 0.182000 1.467113 1.891289
 0.183000 1.473368 1.893683
 0.184000 1.481729 1.907068
 0.185000 1.491867 1.925324
 0.186000 1.503330 1.936650
 0.187000 1.515527 1.934511
 0.188000 1.527801 1.920176
 0.189000 1.539693 1.897420
 0.190000 1.551113 1.869694
 0.191000 1.562162 1.843057
 0.192000 1.572980 1.829191
 0.193000 1.583704 1.838730
 0.194000 1.594440 1.870220
 0.195000 1.605171 1.909763
 0.196000 1.615633 1.942350
 0.197000 1.625250 1.961541
 0.198000 1.633300 1.967619
 0.199000 1.639372 1.961070
 0.200000 1.643602 1.941189
 0.201000 1.646446 1.910951
 0.202000 1.648399 1.880441
 0.203000 1.649837 1.861151
 0.204000 1.650957 1.857314
 0.205000 1.651735 1.865010
 0.206000 1.651895 1.879063
 0.207000 1.650998 1.896915
 0.208000 1.648716 1.915038
 0.209000 1.645102 1.926712
 0.210000 1.640442 1.926681
 0.211000 1.634959 1.918113
 0.212000 1.628773 1.911797
 0.213000 1.622005 1.915220
 0.214000 1.614833 1.924235
 0.215000 1.607421 1.927723
 0.216000 1.599825 1.920168
 0.217000 1.592002 1.906260
 0.218000 1.583995 1.893310
 0.219000 1.576117 1.883782
 0.220000 1.568893 1.876648
 0.221000 1.562873 1.874120
 0.222000 1.558490 1.882357
 0.223000 1.555988 1.903996
 0.224000 1.555412 1.932650
 0.225000 1.556655 1.955871
 0.226000 1.559514 1.964145
 0.227000 1.563715 1.956111
 0.228000 1.569047 1.935664
 0.229000 1.575577 1.907674
 0.230000 1.583560 1.878027
 0.231000 1.593158 1.856488
 0.232000 1.604322 1.854368
 0.233000 1.616812 1.875270
 0.234000 1.630222 1.910153
 0.235000 1.643988 1.943430
 0.236000 1.657407 1.963953
 0.237000 1.669778 1.969015
 0.238000 1.680687 1.959587
 0.239000 1.690155 1.936387
 0.240000 1.698419 1.902132
 0.241000 1.705632 1.867144
 0.242000 1.711788 1.848041
 0.243000 1.716773 1.855859
 0.244000 1.720429 1.886428
 0.245000 1.722585 1.924049
 0.246000 1.723041 1.954300
 0.247000 1.721582 1.971233
 0.248000 1.718122 1.973594
 0.249000 1.712951 1.960246
 0.250000 1.706663 1.931699
 0.251000 1.699837 1.895654
 0.252000 1.692865 1.867630
 0.253000 1.685964 1.861459
 0.254000 1.679229 1.879031
 0.255000 1.672624 1.910010
 0.256000 1.665947 1.940984
 0.257000 1.658848 1.963201
 0.258000 1.651081 1.972504
 0.259000 1.642754 1.966323
 0.260000 1.634191 1.943842
 0.261000 1.625710 1.909675
 0.262000 1.617551 1.875061
 0.263000 1.609868 1.853552
 0.264000 1.602735 1.854381
 0.265000 1.596197 1.877198
 0.266000 1.590291 1.911957
 0.267000 1.585040 1.945272
 0.268000 1.580402 1.968084
 0.269000 1.576236 1.977471
 0.270000 1.572374 1.972778
 0.271000 1.568783 1.953163
 0.272000 1.565585 1.920501
 0.273000 1.562907 1.884240
 0.274000 1.560805 1.860411
 0.275000 1.559290 1.861763
 0.276000 1.558365 1.887772
 0.277000 1.558003 1.924883
 0.278000 1.558070 1.957335
 0.279000 1.558253 1.977165
 0.280000 1.558147 1.983061
 0.281000 1.557555 1.973880
 0.282000 1.556649 1.948097
 0.283000 1.555750 1.909927
 0.284000 1.555069 1.872875
 0.285000 1.554656 1.853533
 0.286000 1.554456 1.860303
 0.287000 1.554347 1.888075
 0.288000 1.554110 1.923005
 0.289000 1.553376 1.952034
 0.290000 1.551673 1.968494
 0.291000 1.548606 1.970629
 0.292000 1.544055 1.957736
 0.293000 1.538214 1.930450
 0.294000 1.531470 1.894621
 0.295000 1.524252 1.862553
 0.296000 1.516968 1.847935
 0.297000 1.509976 1.857152
 0.298000 1.503554 1.885109
 0.299000 1.497847 1.919615
 0.300000 1.492842 1.948912
 0.301000 1.488418 1.966005
 0.302000 1.484482 1.968423
 0.303000 1.481107 1.956041
 0.304000 1.478656 1.931902
 0.305000 1.477716 1.903905
 0.306000 1.478821 1.882538
 0.307000 1.482260 1.876256
 0.308000 1.488033 1.887217
 0.309000 1.495854 1.910754
 0.310000 1.505186 1.938367
 0.311000 1.515372 1.960860
 0.312000 1.525848 1.971226
 0.313000 1.536223 1.966261
 0.314000 1.546268 1.947180
 0.315000 1.555920 1.920308
 0.316000 1.565201 1.894871
 0.317000 1.574108 1.879213
 0.318000 1.582567 1.878345
 0.319000 1.590466 1.892099
 0.320000 1.597670 1.915136
 0.321000 1.604059 1.938979
 0.322000 1.609550 1.955265
 0.323000 1.614077 1.959160
 0.324000 1.617578 1.950151
 0.325000 1.620082 1.930896
 0.326000 1.621831 1.906431
 0.327000 1.623188 1.883742
 0.328000 1.624451 1.871111
 0.329000 1.625777 1.874828
 0.330000 1.627176 1.894362
 0.331000 1.628521 1.921664
 0.332000 1.629559 1.946265
 0.333000 1.629959 1.961604
 0.334000 1.629441 1.966261
 0.335000 1.627971 1.960246
 0.336000 1.625810 1.942943
 0.337000 1.623287 1.916402
 0.338000 1.620566 1.889583
 0.339000 1.617615 1.875302
 0.340000 1.614289 1.880964
 0.341000 1.610420 1.902893
 0.342000 1.605864 1.929763
 0.343000 1.600511 1.951297
 0.344000 1.594290 1.963146
 0.345000 1.587208 1.964338
 0.346000 1.579415 1.953346
 0.347000 1.571174 1.928829
 0.348000 1.562742 1.894466
 0.349000 1.554321 1.860235
 0.350000 1.546069 1.836108
 0.351000 1.538138 1.825233
 0.352000 1.530673 1.823587
 0.353000 1.523775 1.825705
 0.354000 1.517476 1.829855
 0.355000 1.511820 1.837064
 0.356000 1.507043 1.847089
 0.357000 1.503590 1.857509
 0.358000 1.501911 1.867102
 0.359000 1.502297 1.878672
 0.360000 1.504832 1.895980
 0.361000 1.509411 1.918022
 0.362000 1.515775 1.938099
 0.363000 1.523593 1.948680
 0.364000 1.532504 1.945937
 0.365000 1.542174 1.929565
 0.366000 1.552397 1.901634
 0.367000 1.563097 1.867719
 0.368000 1.574211 1.838274
 0.369000 1.585632 1.826150
 0.370000 1.597234 1.839069
 0.371000 1.608911 1.872956
 0.372000 1.620573 1.913503
 0.373000 1.632096 1.946205
 0.374000 1.643267 1.964805
 0.375000 1.653818 1.969734
 0.376000 1.663584 1.961884
 0.377000 1.672608 1.940572
 0.378000 1.681018 1.907794
 0.379000 1.688850 1.873372
 0.380000 1.696014 1.852252
 0.381000 1.702351 1.854527
 0.382000 1.707706 1.878468
 0.383000 1.711937 1.912633
 0.384000 1.714892 1.943685
 0.385000 1.716371 1.962824
 0.386000 1.716145 1.967289
 0.387000 1.714059 1.958051
 0.388000 1.710153 1.938404
 0.389000 1.704651 1.914172
 0.390000 1.697763 1.892277
 0.391000 1.689592 1.878532
 0.392000 1.680164 1.875965
 0.393000 1.669492 1.884636
 0.394000 1.657615 1.902267
 0.395000 1.644657 1.923374
 0.396000 1.630916 1.939561
 0.397000 1.616829 1.944198
 0.398000 1.602788 1.937721
 0.399000 1.589069 1.927148
 0.400000 1.575982 1.919249
 0.401000 1.563975 1.914529
 0.402000 1.553481 1.908943
 0.403000 1.544754 1.901015
 0.404000 1.537830 1.894980
 0.405000 1.532630 1.896026
 0.406000 1.529115 1.904183
 0.407000 1.527303 1.913742
 0.408000 1.527110 1.918909
 0.409000 1.528238 1.920098
 0.410000 1.530241 1.922908
 0.411000 1.532708 1.930501
 0.412000 1.535373 1.938760
 0.413000 1.538062 1.939967
 0.414000 1.540592 1.931225
 0.415000 1.542767 1.917685
 0.416000 1.544484 1.906959
 0.417000 1.545815 1.902398
 0.418000 1.546948 1.902546
 0.419000 1.548063 1.905596
 0.420000 1.549247 1.912502
 0.421000 1.550480 1.924899
 0.422000 1.551691 1.940448
 0.423000 1.552894 1.951895
 0.424000 1.554235 1.952511
 0.425000 1.555868 1.942154
 0.426000 1.557901 1.926859
 0.427000 1.560472 1.913221
 0.428000 1.563716 1.904161
 0.429000 1.567587 1.899767
 0.430000 1.571758 1.900527
 0.431000 1.575675 1.907923
 0.432000 1.578732 1.921565
 0.433000 1.580503 1.936557
 0.434000 1.580846 1.945211
 0.435000 1.579761 1.942623
 0.436000 1.577230 1.930605
 0.437000 1.573204 1.915660
 0.438000 1.567651 1.903151
 0.439000 1.560565 1.894223
 0.440000 1.551970 1.888084
 0.441000 1.541961 1.885723
 0.442000 1.530731 1.890653
 0.443000 1.518604 1.905670
 0.444000 1.506072 1.928028
 0.445000 1.493812 1.948071
 0.446000 1.482590 1.955536
 0.447000 1.473066 1.949056
 0.448000 1.465690 1.936700
 0.449000 1.460798 1.926604
 0.450000 1.458735 1.919846
 0.451000 1.459752 1.912525
 0.452000 1.463827 1.903410
 0.453000 1.470625 1.897553
 0.454000 1.479628 1.901070
 0.455000 1.490348 1.913520
 0.456000 1.502416 1.926468
 0.457000 1.515478 1.930804
 0.458000 1.529095 1.925754
 0.459000 1.542781 1.918341
 0.460000 1.556123 1.914285
 0.461000 1.568820 1.911944
 0.462000 1.580614 1.905622
 0.463000 1.591268 1.894048
 0.464000 1.600603 1.883786
 0.465000 1.608557 1.883391
 0.466000 1.615235 1.895233
 0.467000 1.620893 1.912909
 0.468000 1.625833 1.926613
 0.469000 1.630265 1.932235
 0.470000 1.634230 1.933850
 0.471000 1.637651 1.936388
 0.472000 1.640517 1.938869
 0.473000 1.642990 1.936282
 0.474000 1.645289 1.927238
 0.475000 1.647580 1.917829
 0.476000 1.649975 1.915875
 0.477000 1.652552 1.922485
 0.478000 1.655319 1.931016
 0.479000 1.658136 1.934524
 0.480000 1.660703 1.932767
 0.481000 1.662698 1.929924
 0.482000 1.663985 1.927353
 0.483000 1.664660 1.921331
 0.484000 1.664878 1.908048
 0.485000 1.664736 1.889752
 0.486000 1.664290 1.874316
 0.487000 1.663610 1.868968
 0.488000 1.662838 1.875292
 0.489000 1.662183 1.889048
 0.490000 1.661889 1.903893
 0.491000 1.662193 1.916326
 0.492000 1.663291 1.927202
 0.493000 1.665314 1.937734
 0.494000 1.668339 1.945187
 0.495000 1.672395 1.944092
 0.496000 1.677435 1.931838
 0.497000 1.683323 1.912677
 0.498000 1.689926 1.895681
 0.499000 1.697169 1.888760
 0.500000 1.704975 1.894500
 0.501000 1.713187 1.909958
 0.502000 1.721553 1.929310
 0.503000 1.729727 1.947429
 0.504000 1.737303 1.961033
 0.505000 1.743917 1.967309
 0.506000 1.749315 1.963362
 0.507000 1.753301 1.947723
 0.508000 1.755688 1.923217
 0.509000 1.756305 1.897953
 0.510000 1.755022 1.881819
 0.511000 1.751776 1.881340
 0.512000 1.746606 1.896333
 0.513000 1.739666 1.920181
 0.514000 1.731185 1.943880
 0.515000 1.721383 1.960629
 0.516000 1.710411 1.967242
 0.517000 1.698405 1.962426
 0.518000 1.685618 1.945390
 0.519000 1.672448 1.918018
 0.520000 1.659350 1.888557
 0.521000 1.646742 1.870122
 0.522000 1.634970 1.872473
 0.523000 1.624293 1.894301
 0.524000 1.614839 1.924146
 0.525000 1.606531 1.949407
 0.526000 1.599077 1.963687
 0.527000 1.592156 1.965919
 0.528000 1.585687 1.955777
 0.529000 1.579825 1.932651
 0.530000 1.574737 1.899651
 0.531000 1.570467 1.867105
 0.532000 1.566941 1.849000
 0.533000 1.564039 1.854088
 0.534000 1.561647 1.879912
 0.535000 1.559671 1.914763
 0.536000 1.558031 1.945617
 0.537000 1.556633 1.965163
 0.538000 1.555389 1.972245
 0.539000 1.554295 1.967668
 0.540000 1.553467 1.951814
 0.541000 1.553082 1.926974
 0.542000 1.553317 1.900768
 0.543000 1.554317 1.884104
 0.544000 1.556192 1.883835
 0.545000 1.559007 1.898410
 0.546000 1.562727 1.920708
 0.547000 1.567205 1.942647
 0.548000 1.572241 1.957401
 0.549000 1.577695 1.960812
 0.550000 1.583461 1.952663
 0.551000 1.589412 1.937004
 0.552000 1.595455 1.920099
 0.553000 1.601505 1.906247
 0.554000 1.607387 1.896131
 0.555000 1.612800 1.889410
 0.556000 1.617358 1.887594
 0.557000 1.620689 1.893132
 0.558000 1.622566 1.905312
 0.559000 1.622990 1.918458
 0.560000 1.622105 1.926119
 0.561000 1.620061 1.927570
 0.562000 1.616960 1.928162
 0.563000 1.612904 1.932169
 0.564000 1.608047 1.937131
 0.565000 1.602563 1.936534
 0.566000 1.596574 1.927393
 0.567000 1.590144 1.913745
 0.568000 1.583412 1.902546
 0.569000 1.576713 1.897790
 0.570000 1.570535 1.899185
 0.571000 1.565350 1.905208
 0.572000 1.561491 1.915644
 0.573000 1.559095 1.930404
 0.574000 1.558121 1.946624
 0.575000 1.558448 1.958337
 0.576000 1.559949 1.960054
 0.577000 1.562486 1.950479
 0.578000 1.565949 1.932982
 0.579000 1.570352 1.913323
 0.580000 1.575781 1.897340
 0.581000 1.582247 1.890239
 0.582000 1.589624 1.895345
 0.583000 1.597646 1.911558
 0.584000 1.605942 1.932927
 0.585000 1.614092 1.951663
 0.586000 1.621687 1.962007
 0.587000 1.628400 1.961781
 0.588000 1.634044 1.951521
 0.589000 1.638603 1.933807
 0.590000 1.642182 1.913532
 0.591000 1.644916 1.897478
 0.592000 1.646907 1.891871
 0.593000 1.648219 1.898951
 0.594000 1.648871 1.915732
 0.595000 1.648836 1.935752
 0.596000 1.648054 1.952058
 0.597000 1.646473 1.959932
 0.598000 1.644080 1.958122
 0.599000 1.640957 1.948156
 0.600000 1.637313 1.933040
 0.601000 1.633425 1.916625
 0.602000 1.629487 1.903727
 0.603000 1.625517 1.899360
 0.604000 1.621375 1.906173
 0.605000 1.616830 1.922298
 0.606000 1.611640 1.941681
 0.607000 1.605598 1.957032
 0.608000 1.598550 1.963495
 0.609000 1.590403 1.960191
 0.610000 1.581188 1.949114
 0.611000 1.571112 1.933288
 0.612000 1.560498 1.915801
 0.613000 1.549693 1.900123
 0.614000 1.539041 1.890167
 0.615000 1.528890 1.888879
 0.616000 1.519598 1.896598
 0.617000 1.511530 1.910416
 0.618000 1.505032 1.924953
 0.619000 1.500409 1.934874
 0.620000 1.497886 1.937842
 0.621000 1.497593 1.935136
 0.622000 1.499606 1.929298
 0.623000 1.503989 1.921515
 0.624000 1.510773 1.911532
 0.625000 1.519876 1.900075
 0.626000 1.531068 1.890663
 0.627000 1.544007 1.888073
 0.628000 1.558298 1.894672
 0.629000 1.573546 1.908256
 0.630000 1.589354 1.923444
 0.631000 1.605298 1.935562
 0.632000 1.620923 1.943253
 0.633000 1.635776 1.947312
 0.634000 1.649481 1.947856
 0.635000 1.661761 1.943673
 0.636000 1.672395 1.934659
 0.637000 1.681211 1.924290
 0.638000 1.688112 1.918188
 0.639000 1.693101 1.919623
 0.640000 1.696267 1.927181
 0.641000 1.697735 1.936952
 0.642000 1.697602 1.946081
 0.643000 1.695915 1.953357
 0.644000 1.692693 1.957142
 0.645000 1.687996 1.954639
 0.646000 1.681949 1.943949
 0.647000 1.674742 1.926694
 0.648000 1.666615 1.908212
 0.649000 1.657832 1.894871
 0.650000 1.648618 1.891027
 0.651000 1.639111 1.897466
 0.652000 1.629348 1.911335
 0.653000 1.619297 1.927678
 0.654000 1.608889 1.941815
 0.655000 1.598091 1.950621
 0.656000 1.587001 1.952190
 0.657000 1.575889 1.945391
 0.658000 1.565116 1.930510
 0.659000 1.555026 1.910455
 0.660000 1.545882 1.890735
 0.661000 1.537876 1.877600
 0.662000 1.531144 1.875531
 0.663000 1.525801 1.885322
 0.664000 1.521935 1.903609
 0.665000 1.519597 1.924435
 0.666000 1.518758 1.942118
 0.667000 1.519302 1.953210
 0.668000 1.521058 1.956281
 0.669000 1.523870 1.950813
 0.670000 1.527625 1.937254
 0.671000 1.532222 1.918542
 0.672000 1.537538 1.900957
 0.673000 1.543428 1.891948
 0.674000 1.549748 1.895856
 0.675000 1.556361 1.911035
 0.676000 1.563108 1.930894
 0.677000 1.569764 1.948089
 0.678000 1.576023 1.958219
 0.679000 1.581547 1.960164
 0.680000 1.586088 1.954256
 0.681000 1.589555 1.941301
 0.682000 1.591976 1.923457
 0.683000 1.593407 1.905357
 0.684000 1.593888 1.893116
 0.685000 1.593433 1.891193
 0.686000 1.592031 1.899815
 0.687000 1.589643 1.914990
 0.688000 1.586214 1.930804
 0.689000 1.581703 1.942347
 0.690000 1.576120 1.947332
 0.691000 1.569571 1.945747
 0.692000 1.562278 1.938735
 0.693000 1.554557 1.928040
 0.694000 1.546745 1.916119
 0.695000 1.539116 1.906109
 0.696000 1.531853 1.901006
 0.697000 1.525046 1.902489
 0.698000 1.518737 1.910224
 0.699000 1.512978 1.921897
 0.700000 1.507872 1.933931
 0.701000 1.503570 1.942870
 0.702000 1.500212 1.946950
 0.703000 1.497883 1.946599
 0.704000 1.496607 1.943317
 0.705000 1.496377 1.938066
 0.706000 1.497146 1.930843
 0.707000 1.498804 1.921757
 0.708000 1.501177 1.912117
 0.709000 1.504072 1.904206
 0.710000 1.507341 1.900079
 0.711000 1.510917 1.900611
 0.712000 1.514810 1.905290
 0.713000 1.519060 1.912582
 0.714000 1.523682 1.920595
 0.715000 1.528622 1.927708
 0.716000 1.533743 1.932777
 0.717000 1.538878 1.934878
 0.718000 1.543901 1.933201
 0.719000 1.548769 1.927557
 0.720000 1.553510 1.919267
 0.721000 1.558187 1.911419
 0.722000 1.562868 1.907714
 0.723000 1.567592 1.910413
 0.724000 1.572341 1.918919
 0.725000 1.577012 1.930194
 0.726000 1.581413 1.940702
 0.727000 1.585301 1.948092
 0.728000 1.588458 1.951271
 0.729000 1.590795 1.949621
 0.730000 1.592377 1.942837
 0.731000 1.593361 1.931802
 0.732000 1.593897 1.919479
 0.733000 1.594063 1.910307
 0.734000 1.593857 1.907881
 0.735000 1.593223 1.912739
 0.736000 1.592102 1.922201
 0.737000 1.590477 1.932241
 0.738000 1.588406 1.939572
 0.739000 1.586045 1.942435
 0.740000 1.583658 1.940259
 0.741000 1.581599 1.933352
 0.742000 1.580240 1.923285
 0.743000 1.579867 1.913325
 0.744000 1.580629 1.907578
 0.745000 1.582521 1.908821
 0.746000 1.585419 1.916721
 0.747000 1.589120 1.928058
 0.748000 1.593373 1.938720
 0.749000 1.597917 1.945681
 0.750000 1.602517 1.947625
 0.751000 1.607000 1.944412
 0.752000 1.611261 1.936581
 0.753000 1.615214 1.925631
 0.754000 1.618738 1.914559
 0.755000 1.621661 1.907367
 0.756000 1.623795 1.907117
 0.757000 1.624976 1.913940
 0.758000 1.625109 1.924761
 0.759000 1.624167 1.935125
 0.760000 1.622174 1.941655
 0.761000 1.619195 1.943187
 0.762000 1.615363 1.940111
 0.763000 1.610913 1.933342
 0.764000 1.606142 1.924284
 0.765000 1.601314 1.915551
 0.766000 1.596601 1.910827
 0.767000 1.592076 1.912943
 0.768000 1.587757 1.921674
 0.769000 1.583642 1.933549
 0.770000 1.579716 1.943914
 0.771000 1.575936 1.949498
 0.772000 1.572229 1.949561
 0.773000 1.568536 1.945121
 0.774000 1.564870 1.937731
 0.775000 1.561295 1.929307
 0.776000 1.557871 1.922691
 0.777000 1.554630 1.921054
 0.778000 1.551586 1.925674
 0.779000 1.548758 1.934438
 0.780000 1.546173 1.943009
 0.781000 1.543855 1.947418
 0.782000 1.541825 1.945782
 0.783000 1.540130 1.938279
 0.784000 1.538887 1.926296
 0.785000 1.538275 1.912082
 0.786000 1.538460 1.899107
 0.787000 1.539554 1.891784
 0.788000 1.541613 1.893502
 0.789000 1.544674 1.904269
 0.790000 1.548773 1.920272
 0.791000 1.553942 1.935941
 0.792000 1.560170 1.946814
 0.793000 1.567378 1.950942
 0.794000 1.575445 1.948242
 0.795000 1.584251 1.939400
 0.796000 1.593652 1.926174
 0.797000 1.603395 1.912761
 0.798000 1.613103 1.905549
 0.799000 1.622337 1.909512
 0.800000 1.630694 1.923948
 0.801000 1.637855 1.942428
 0.802000 1.643579 1.957571
 0.803000 1.647678 1.965404
 0.804000 1.650005 1.965267
 0.805000 1.650507 1.957428
 0.806000 1.649225 1.942335
 0.807000 1.646237 1.922431
 0.808000 1.641624 1.903809
 0.809000 1.635504 1.894177
 0.810000 1.628076 1.897860
 0.811000 1.619623 1.912583
 0.812000 1.610459 1.931233
 0.813000 1.600840 1.946882
 0.814000 1.590911 1.955816
 0.815000 1.580774 1.956655
 0.816000 1.570645 1.948524
 0.817000 1.560900 1.931387
 0.818000 1.551971 1.908704
 0.819000 1.544233 1.888847
 0.820000 1.537977 1.881407
 0.821000 1.533408 1.890426
 0.822000 1.530628 1.911081
 0.823000 1.529592 1.933659
 0.824000 1.530082 1.950530
 0.825000 1.531783 1.958515
 0.826000 1.534442 1.956522
 0.827000 1.537937 1.943728
 0.828000 1.542187 1.921218
 0.829000 1.547065 1.894998
 0.830000 1.552401 1.875360
 0.831000 1.558014 1.871379
 0.832000 1.563732 1.884993
 0.833000 1.569387 1.909737
 0.834000 1.574780 1.935748
 0.835000 1.579661 1.955842
 0.836000 1.583794 1.966630
 0.837000 1.587124 1.966515
 0.838000 1.589882 1.954790
 0.839000 1.592487 1.933161
 0.840000 1.595369 1.907905
 0.841000 1.598837 1.888636
 0.842000 1.603014 1.883242
 0.843000 1.607833 1.892963
 0.844000 1.613055 1.912145
 0.845000 1.618293 1.933063
 0.846000 1.623099 1.949795
 0.847000 1.627156 1.958088
 0.848000 1.630438 1.954717
 0.849000 1.633092 1.938378
 0.850000 1.635201 1.911734
 0.851000 1.636706 1.882078
 0.852000 1.637437 1.858810
 0.853000 1.637158 1.849983
 0.854000 1.635644 1.859170
 0.855000 1.632741 1.883249
 0.856000 1.628388 1.913717
 0.857000 1.622595 1.941357
 0.858000 1.615393 1.960036
 0.859000 1.606840 1.967183
 0.860000 1.597066 1.961964
 0.861000 1.586315 1.944104
 0.862000 1.574929 1.916123
 0.863000 1.563259 1.886792
 0.864000 1.551595 1.869702
 0.865000 1.540203 1.874877
 0.866000 1.529400 1.900362
 0.867000 1.519549 1.933207
 0.868000 1.510956 1.959586
 0.869000 1.503755 1.973216
 0.870000 1.497942 1.974110
 0.871000 1.493602 1.962500
 0.872000 1.491002 1.936957
 0.873000 1.490394 1.899021
 0.874000 1.491837 1.858723
 0.875000 1.495211 1.832064
 0.876000 1.500296 1.830969
 0.877000 1.506819 1.855500
 0.878000 1.514456 1.894126
 0.879000 1.522793 1.931156
 0.880000 1.531297 1.956087
 0.881000 1.539340 1.966663
 0.882000 1.546382 1.964092
 0.883000 1.552237 1.948225
 0.884000 1.557117 1.919020
 0.885000 1.561391 1.883306
 0.886000 1.565367 1.857259
 0.887000 1.569246 1.856549
 0.888000 1.573132 1.882918
 0.889000 1.577020 1.922143
 0.890000 1.580745 1.955873
 0.891000 1.583930 1.974892
 0.892000 1.586119 1.979394
 0.893000 1.587149 1.970547
 0.894000 1.587311 1.946860
 0.895000 1.587010 1.909417
 0.896000 1.586438 1.868951
 0.897000 1.585554 1.842790
 0.898000 1.584208 1.842743
 0.899000 1.582242 1.867492
 0.900000 1.579538 1.904688
 0.901000 1.576000 1.939136
 0.902000 1.571535 1.961309
 0.903000 1.566067 1.969250
 0.904000 1.559640 1.963763
 0.905000 1.552472 1.944446
 0.906000 1.544893 1.911871
 0.907000 1.537231 1.873260
 0.908000 1.529780 1.843058
 0.909000 1.522832 1.834350
 0.910000 1.516691 1.849606
 0.911000 1.511634 1.880701
 0.912000 1.507828 1.915676
 0.913000 1.505312 1.943712
 0.914000 1.504141 1.957549
 0.915000 1.504489 1.954878
 0.916000 1.506549 1.938387
 0.917000 1.510530 1.915303
 0.918000 1.516641 1.893490
 0.919000 1.524916 1.876374
 0.920000 1.535118 1.863247
 0.921000 1.546761 1.854017
 0.922000 1.559167 1.852591
 0.923000 1.571613 1.863298
 0.924000 1.583599 1.883806
 0.925000 1.594971 1.904091
 0.926000 1.605688 1.914969
 0.927000 1.615582 1.918006
 0.928000 1.624345 1.923153
 0.929000 1.631618 1.935575
 0.930000 1.637108 1.948330
 0.931000 1.640616 1.949349
 0.932000 1.641981 1.934296
 0.933000 1.641101 1.910119
 0.934000 1.638110 1.887014
 0.935000 1.633435 1.870860
 0.936000 1.627605 1.864024
 0.937000 1.621081 1.869457
 0.938000 1.614208 1.888991
 0.939000 1.607189 1.918535
 0.940000 1.600081 1.948215
 0.941000 1.592853 1.968099
 0.942000 1.585492 1.973303
 0.943000 1.578099 1.963265
 0.944000 1.570919 1.938763
 0.945000 1.564288 1.901998
 0.946000 1.558486 1.860621
 0.947000 1.553663 1.829854
 0.948000 1.549880 1.825061
 0.949000 1.547172 1.850030
 0.950000 1.545565 1.893119
 0.951000 1.545036 1.935573
 0.952000 1.545451 1.964388
 0.953000 1.546581 1.976334
 0.954000 1.548284 1.972257
 0.955000 1.550631 1.951995
 0.956000 1.553808 1.916622
 0.957000 1.557954 1.874926
 0.958000 1.563100 1.843115
 0.959000 1.569203 1.834882
 0.960000 1.576185 1.852449
 0.961000 1.583940 1.887645
 0.962000 1.592294 1.928425
 0.963000 1.601003 1.962082
 0.964000 1.609830 1.978289
 0.965000 1.618567 1.973695
 0.966000 1.627046 1.952577
 0.967000 1.635264 1.923693
 0.968000 1.643329 1.894941
 0.969000 1.651281 1.870948
 0.970000 1.659047 1.855843
 0.971000 1.666462 1.854603
 0.972000 1.673254 1.871051
 0.973000 1.679100 1.902528
 0.974000 1.683840 1.935253
 0.975000 1.687630 1.951591
 0.976000 1.690726 1.946365
 0.977000 1.693232 1.930826
 0.978000 1.695183 1.918472
 0.979000 1.696795 1.910560
 0.980000 1.698392 1.898224
 0.981000 1.700154 1.879891
 0.982000 1.702031 1.868841
 0.983000 1.703880 1.878392
 0.984000 1.705692 1.905267
 0.985000 1.707614 1.929770
 0.986000 1.709649 1.935763
 0.987000 1.711435 1.927933
 0.988000 1.712453 1.921287
 0.989000 1.712625 1.920374
 0.990000 1.712342 1.914972
 0.991000 1.711901 1.896819
 0.992000 1.711331 1.876373
 0.993000 1.710507 1.872952
 0.994000 1.709262 1.892835
 0.995000 1.707416 1.921996
 0.996000 1.704764 1.939425
 0.997000 1.701071 1.939305
 0.998000 1.696110 1.933077
 0.999000 1.689832 1.930599
 1.000000 1.682499 1.927603
 1.001000 1.674499 1.912668
 1.002000 1.666141 1.887070
 1.003000 1.657597 1.868872
 1.004000 1.648982 1.873216
 1.005000 1.640504 1.896516
 1.006000 1.632482 1.919879
 1.007000 1.625123 1.928934
 1.008000 1.618306 1.928041
 1.009000 1.611662 1.928875
 1.010000 1.605110 1.932275
 1.011000 1.599074 1.926595
 1.012000 1.593995 1.904178
 1.013000 1.590048 1.876148
 1.014000 1.587271 1.862249
 1.015000 1.585746 1.870357
 1.016000 1.585571 1.891000
 1.017000 1.586705 1.908890
 1.018000 1.588884 1.919299
 1.019000 1.591685 1.928767
 1.020000 1.594753 1.940250
 1.021000 1.597978 1.945430
 1.022000 1.601291 1.932630
 1.023000 1.604429 1.901261
 1.024000 1.607011 1.866020
 1.025000 1.608808 1.844168
 1.026000 1.609853 1.843033
 1.027000 1.610320 1.860190
 1.028000 1.610387 1.888788
 1.029000 1.610178 1.921481
 1.030000 1.609715 1.951955
 1.031000 1.608859 1.973402
 1.032000 1.607387 1.979423
 1.033000 1.605140 1.966504
 1.034000 1.602160 1.935016
 1.035000 1.598837 1.892382
 1.036000 1.595756 1.853397
 1.037000 1.593377 1.834924
 1.038000 1.591940 1.847399
 1.039000 1.591491 1.885626
 1.040000 1.591891 1.930395
 1.041000 1.592758 1.963502
 1.042000 1.593479 1.978692
 1.043000 1.593476 1.977482
 1.044000 1.592561 1.960040
 1.045000 1.590896 1.924783
 1.046000 1.588693 1.877714
 1.047000 1.586053 1.837486
 1.048000 1.582986 1.824918
 1.049000 1.579479 1.846932
 1.050000 1.575517 1.891217
 1.051000 1.571061 1.936168
 1.052000 1.565976 1.966736
 1.053000 1.560007 1.979943
 1.054000 1.552987 1.977817
 1.055000 1.545195 1.960448
 1.056000 1.537364 1.927548
 1.057000 1.530267 1.886661
 1.058000 1.524422 1.855593
 1.059000 1.520063 1.851070
 1.060000 1.517210 1.875303
 1.061000 1.515707 1.914896
 1.062000 1.515217 1.951860
 1.063000 1.515260 1.974571
 1.064000 1.515471 1.979961
 1.065000 1.515902 1.969099
 1.066000 1.516935 1.943951
 1.067000 1.518935 1.909833
 1.068000 1.522043 1.876695
 1.069000 1.526163 1.853606
 1.070000 1.531017 1.842624
 1.071000 1.536188 1.839702
 1.072000 1.541137 1.841647
 1.073000 1.545306 1.848927
 1.074000 1.548421 1.861266
 1.075000 1.550725 1.874399
 1.076000 1.552764 1.883412
 1.077000 1.555031 1.889124
 1.078000 1.557790 1.898166
 1.079000 1.561053 1.914820
 1.080000 1.564657 1.934600
 1.081000 1.568399 1.947460
 1.082000 1.572061 1.946456
 1.083000 1.575357 1.931246
 1.084000 1.578113 1.905752
 1.085000 1.580469 1.875936
 1.086000 1.582698 1.850154
 1.087000 1.584972 1.839629
 1.088000 1.587320 1.852745
 1.089000 1.589669 1.886513
 1.090000 1.591863 1.926887
 1.091000 1.593641 1.959212
 1.092000 1.594626 1.977162
 1.093000 1.594412 1.980911
 1.094000 1.592829 1.970090
 1.095000 1.590105 1.941821
 1.096000 1.586668 1.896937
 1.097000 1.582937 1.847655
 1.098000 1.579273 1.813915
 1.099000 1.575993 1.809348
 1.100000 1.573350 1.832395
 1.101000 1.571478 1.870203
 1.102000 1.570341 1.908736
 1.103000 1.569779 1.938337
 1.104000 1.569691 1.953606
 1.105000 1.570117 1.952409
 1.106000 1.571138 1.936383
 1.107000 1.572876 1.912582
 1.108000 1.575545 1.891039
 1.109000 1.579317 1.878087
 1.110000 1.584165 1.873174
 1.111000 1.589831 1.872330
 1.112000 1.595873 1.874113
 1.113000 1.601802 1.880433
 1.114000 1.607298 1.891679
 1.115000 1.612338 1.903694
 1.116000 1.617042 1.911215
 1.117000 1.621459 1.914457
 1.118000 1.625498 1.919620
 1.119000 1.628972 1.931230
 1.120000 1.631689 1.945684
 1.121000 1.633505 1.953825
 1.122000 1.634290 1.949598
 1.123000 1.633905 1.934223
 1.124000 1.632293 1.913103
 1.125000 1.629588 1.891793
 1.126000 1.626034 1.875564
 1.127000 1.621874 1.870628
 1.128000 1.617317 1.881353
 1.129000 1.612536 1.905184
 1.130000 1.607626 1.932801
 1.131000 1.602577 1.953945
 1.132000 1.597302 1.963049
 1.133000 1.591764 1.959387
 1.134000 1.586106 1.943722
 1.135000 1.580699 1.917729
 1.136000 1.575972 1.887111
 1.137000 1.572223 1.863500
 1.138000 1.569572 1.859279
 1.139000 1.568019 1.877851
 1.140000 1.567498 1.909918
 1.141000 1.567881 1.940593
 1.142000 1.568954 1.960093
 1.143000 1.570460 1.966424
 1.144000 1.572295 1.960042
 1.145000 1.574643 1.940185
 1.146000 1.577779 1.907953
 1.147000 1.581824 1.872199
 1.148000 1.586695 1.848182
 1.149000 1.592194 1.847159
 1.150000 1.598100 1.868145
 1.151000 1.604222 1.900089
 1.152000 1.610391 1.930949
 1.153000 1.616428 1.953436
 1.154000 1.622146 1.964222
 1.155000 1.627333 1.962040
 1.156000 1.631758 1.947872
 1.157000 1.635274 1.926435
 1.158000 1.637885 1.905152
 1.159000 1.639632 1.889896
 1.160000 1.640508 1.882435
 1.161000 1.640452 1.881896
 1.162000 1.639385 1.888040
 1.163000 1.637215 1.901416
 1.164000 1.633871 1.919177
 1.165000 1.629362 1.933506
 1.166000 1.623748 1.937342
 1.167000 1.617039 1.931617
 1.168000 1.609195 1.924438
 1.169000 1.600266 1.922192
 1.170000 1.590486 1.922633
 1.171000 1.580161 1.917666
 1.172000 1.569504 1.903528
 1.173000 1.558597 1.886601
 1.174000 1.547552 1.877537
 1.175000 1.536752 1.881142
 1.176000 1.526826 1.892849
 1.177000 1.518368 1.904816
 1.178000 1.511706 1.914834
 1.179000 1.506826 1.926595
 1.180000 1.503502 1.941125
 1.181000 1.501626 1.951636
 1.182000 1.501317 1.948320
 1.183000 1.502646 1.926628
 1.184000 1.505480 1.891125
 1.185000 1.509593 1.852572
 1.186000 1.514712 1.822043
 1.187000 1.520464 1.808445
 1.188000 1.526411 1.817785
 1.189000 1.532137 1.849233
 1.190000 1.537310 1.892562
 1.191000 1.541670 1.933144
 1.192000 1.544971 1.961005
 1.193000 1.546953 1.973970
 1.194000 1.547461 1.972857
 1.195000 1.546646 1.957148
 1.196000 1.544927 1.927044
 1.197000 1.542740 1.889334
 1.198000 1.540377 1.858123
 1.199000 1.537984 1.846328
 1.200000 1.535602 1.856726
 1.201000 1.533194 1.881696
 1.202000 1.530617 1.910394
