4.263794592765175
4.376961467326256
4.291989106543877
4.094013570895894
3.9167868026988173
3.758633840526878
3.524745409380676
3.1479494657564184
2.6530601416591195
2.163558577216451
1.769381382364123
1.4122176276411087
1.014114714963309
0.6258826470764987
0.37180850148079686
0.28868842502554254
0.3407643130972774
0.5311173051414726
0.9242158066145844
1.59226319239879
2.474184959473485
3.2995483621885713
3.8044759862727022
3.969435986800797
3.953379137960198
3.8621933414374614
3.7110067332520105
3.5141854608227763
3.3146001948131847
3.178557675690451
3.1224013652152856
3.0481060528323347
2.8740610017866253
2.666344576421727
2.560179806844341
2.598253684860988
2.7294215551956618
2.9002112192702914
3.089127663860635
3.305023426688533
3.5346205178368795
3.684285628868435
3.6571808313376777
3.47012215894323
3.2423396955053754
3.072895706783039
2.9735232628577304
2.9221156179020293
2.9104782253910972
2.9493074407837665
3.0408217650290497
3.121079662677772
3.0850807458292526
2.9061501849835865
2.665667209467683
2.44812254999304
2.274925016487173
2.149658397783275
2.0972136375516173
2.159209892168672
2.3523289208653857
2.614078797014479
2.8464687897422682
3.0247932787234526
3.199718057322384
3.398156316542424
3.592911234084621
3.757159644480174
3.8929645171150855
4.019074361951643
4.114293990533114
4.063845438383084
3.7357061703742414
3.1142009937746815
2.323035420127731
1.5399154811425684
0.9155899229489346
0.525744170871962
0.36151824765917195
0.3824845587840421
0.5442122446512696
0.7718897936443726
1.0014913021346992
1.2590526209914235
1.6220727698806587
2.0900104681088014
2.5535993476109438
2.90902920769458
3.136471777889091
3.27890940483276
3.3912832305488556
3.4735182675978584
3.44276645067376
3.2290168454840322
2.874873968372123
2.492714193772615
2.1420592428859035
1.8130933977490171
1.5020978254365587
1.2480095890773415
1.1120523710674552
1.1065134976898323
1.135997537276926
1.0852000774186312
0.9591521854897775
0.8740224084165054
0.9165403626536291
1.0847090175498033
1.3493838006964993
1.6928333996979694
2.1060006164069813
2.550369142914137
2.9067898653554947
3.0435730707830597
2.9515622480966197
2.73691791472382
2.4755709672064246
2.1558144257506724
1.7650094360846458
1.3567572904330054
1.0403918740077713
0.8898554686593925
0.8378863477038242
0.7425353967718893
0.5670431006009683
0.4127293181909724
0.3813931563665408
0.49357119754382106
0.7365367627586534
1.090371977017654
1.5203313555632443
1.9588304810531108
2.268159546637787
2.30063436556424
2.038139745177206
1.6120105549789727
1.174220234830935
0.8034153114745887
0.5346066248177505
0.3905385526979019
0.38883845384513754
0.5326643182899782
0.7571605733942408
0.9473338335015465
1.0667063717713914
1.1994776227351969
1.4239800701257728
1.6899332104057228
1.8857882319874752
1.9491118463483406
1.8867727590934174
1.7519995454298871
1.5747242995707011
1.3150593082403994
0.9575343744780522
0.5929718912430098
0.3417010243262671
0.23007798267563423
0.21465980838142476
0.27104160776081027
0.41862115640693964
0.6947633617108225
1.0588559715889787
1.331599842605634
1.3497307083222363
1.137317190073871
0.8451535841477312
0.5779969599941516
0.37564082683910677
0.26271868563876116
0.2612632450243017
0.3956310918709309
0.6242021005604913
0.8035494089950189
0.8496495501650848
0.8428865065454054
0.8894654922940957
0.9597237386504969
0.9609352108019946
0.8666321467948104
0.7441231274471894
0.7013968145072943
0.7483606439341798
0.7485820301475696
0.6099780145135222
0.422079662916915
0.33415614157957174
0.38902869223551406
0.5551050599713916
0.7945752570772199
1.0734208452545
1.3495029067032944
1.5121335895311085
1.416497018633588
1.0686873136866692
0.6615170958788639
0.370449800649865
0.21982197734436879
0.16672554209634866
0.19187885689605574
0.3196193815958222
0.5694494408899418
0.8673243115079273
1.0821715429115581
1.1575379505327117
1.1280779707011028
1.0164097073916003
0.8193637773524304
0.5861753971070672
0.4166372545125475
0.39056665345871816
0.4897398711344046
0.579196510965106
0.5510855095184165
0.4663347929621559
0.47155482888430744
0.6064391834045864
0.7815451221049736
0.8930887866742698
0.9143004492424545
0.9062537437312361
0.9114566846585677
0.8630033691269239
0.6901267882746907
0.44876683406877776
0.27265691741472053
0.22303108705145988
0.2821124380778904
0.4271676288703379
0.6347440116267511
0.8696214926175444
1.0572781738195438
1.0719647369611063
0.8614227092523175
0.540703289362529
0.285798141727489
0.1651534304671254
0.1443128495196405
0.19679101786478553
0.34019614177656116
0.6008812537712519
0.9222384724789179
1.1193558425975254
1.0410996592969277
0.7478902175510563
0.44057936279477716
0.2444324140939149
0.15660082898870933
0.14428102907169116
0.21061638423103804
0.3968162478469034
0.6943689122503612
0.9575426081787745
1.0130871989550994
0.8396588490197854
0.570700580071649
0.34039992657421553
0.20107805245142607
0.15175641221990077
0.18949907072693573
0.3405690926013612
0.6134184851503974
0.9216470118938015
1.11607546937264
1.087254395231868
0.8493932556662747
0.5376196618938385
0.2932704483759689
0.1644984813068107
0.12635486538404042
0.15643149964274058
0.2724746455194051
0.5087162321894817
0.826455542817859
1.0592887207109367
1.0385260181771356
0.7746733043593221
0.4519174336465756
0.2324022456629536
0.1368482329278573
0.12274272177473783
0.17584276132170507
0.3289474934088528
0.6101452021906068
0.9357346671286633
1.1172642554713657
1.0370371141485046
0.760026015823661
0.45399477451730363
0.24233034508921733
0.14667789830620556
0.13964845748210777
0.21563494186891502
0.39888231041665456
0.6843505445740025
0.9777730900398531
1.1259914370109092
1.0417829342670257
0.7815682784402831
0.48093806983670834
0.2582900726169317
0.15572619546835956
0.15696082822390495
0.25297774585143945
0.43731813200533054
0.659265910032459
0.8386749922213002
0.9052171538617333
0.829304720119431
0.639029573430785
0.41417018064728683
0.25151761397102596
0.1981450841121639
0.2526687247770372
0.39886539004857935
0.591180560116385
0.763579746027397
0.8649695199792242
0.8592732659459551
0.7351913668673797
0.5291199230676912
0.32595577160851386
0.20565721876620743
0.18991220447619808
0.2684322615890653
0.42226412297178056
0.61227067692394
0.7877129670106638
0.885952765608905
0.8427724940466078
0.6598816890677607
0.4294984827392398
0.2581745037699236
0.18187891059210437
0.18256633010488263
0.24781602411394257
0.3857808495329351
0.5996737452950928
0.8325651696651454
0.9555598782421347
0.8799385945303811
0.6590120913188846
0.4322611432712126
0.2876755095227608
0.22738755947580883
0.23277793848931339
0.3082372010622601
0.4816945641836845
0.7604191547382364
1.075889000516005
1.325316827011604
1.473024276286107
1.562481980534781
1.6270433298029068
1.6407631403019851
1.566088031558528
1.402829398981482
1.1986055030511007
1.014715720765796
0.8574288221091422
0.6806829914625586
0.47700246330455665
0.30989960925399546
0.23949108257778517
0.2801938421846658
0.4395806563155902
0.7221593444416009
1.0838814489291655
1.4088298325078656
1.5364878831368978
1.3647130853701077
0.9670274155906357
0.5553690177122399
0.2863443276221916
0.1651834624143292
0.1386956501254069
0.18704025515213674
0.34030589350238066
0.6341662517652646
1.0042736852798
1.2592479618403578
1.2440416747316643
0.9814344417239718
0.6239083004128985
0.3316536085440864
0.1782871192437741
0.1472071593891383
0.21387773971104668
0.36901045345235833
0.5776868623069333
0.7893829374072623
0.9600910585073175
1.040180539788724
0.9867051971638564
0.7965189631673895
0.5435579637901099
0.35038939899161897
0.29462886668843774
0.3633005348520949
0.47187715505245
0.5328424886075523
0.5491324149949166
0.6042034828212217
0.7268156764120364
0.8290360667193586
0.8135439939688205
0.6800181464704008
0.527950686729967
0.4639610982591857
0.48608889318729886
0.4981304292535813
0.4424649296602817
0.369686650025354
0.37546074531847706
0.49053019135147075
0.6440025989604385
0.7329927242229008
0.7227814041148486
0.669864711766276
0.6387122204186348
0.6118633132338379
0.5293777994784331
0.395846536280212
0.29029539146237165
0.27844975947379363
0.3594782445449033
0.47680751191683685
0.560653278571642
0.5925630024794826
0.6105325031727669
0.6268096297004712
0.5938637164850002
0.4839042314582209
0.35016403359409165
0.2808795519099362
0.320871429924891
0.44581119921690043
0.5809385654314563
0.6657881613731647
0.7160411645234707
0.7898674408236808
0.8878625566240739
0.9290888456347811
0.8402164478172427
0.6456909759983162
0.46582676521175503
0.4069501389058094
0.46318017246131094
0.5440768979821217
0.5696115341348441
0.5488252568785392
0.5713495209265436
0.6814977945372875
0.7875164749640303
0.7664428865626347
0.6121987632105262
0.449648683508369
0.40499669709926445
0.47423884977745645
0.5512005789727827
0.5566193630364638
0.5243790715710895
0.5667209498768779
0.7306822627308964
0.9107614360288008
0.9567396758102608
0.8268202380467814
0.625588182246193
0.5020545641296027
0.4878177377570496
0.4931764835497325
0.44858583999449375
0.3799449472193282
0.37012797141861115
0.4603987841460499
0.5780267122106985
0.6049614226672058
0.5195990616735284
0.4182592585812489
0.3890787072892674
0.4140720758477891
0.4263677044292732
0.40886043994797616
0.42171885573297274
0.5445973046790621
0.770008370305024
0.9773415120505826
1.0441325263898729
0.9471623626204443
0.7681867952700844
0.6192921828968649
0.5354916639286146
0.4656601339911109
0.37353816791307426
0.29420410017132415
0.2974143963658864
0.4279088848174182
0.6542593764430196
0.8609982329349393
0.9345686618673155
0.8500119266737519
0.672687944299625
0.49017914782699384
0.34154768564341276
0.23294363921255318
0.17710904488021334
0.1942404715958507
0.31205786075922465
0.5352195698295501
0.789252174670687
0.9511170066277721
0.9392175168329056
0.7658579681903368
0.5267583950412745
0.32183829756384386
0.1950968272583276
0.14593111217990093
0.16878751159440064
0.2819356082171501
0.5052457256210314
0.7845808812283429
0.9734200878933785
0.9442132679399964
0.7169540810762919
0.4424810787188178
0.24735210526533288
0.1538004242979542
0.13758976166937018
0.19535716201236947
0.3599981021501984
0.6522657531122448
0.9939661949237472
1.2134618997403925
1.1801409058834857
0.9177706506980629
0.5821296677094773
0.3239073958381984
0.18715429640332173
0.1436877976730724
0.17040456599421755
0.27766211475594615
0.4822851466325372
0.7438287755516165
0.9453888147428372
0.9815491514526903
0.84703381812973
0.6165982140487418
0.3882473263684073
0.23947552302734817
0.19604910175005458
0.24934090380056584
0.3689549163176672
0.4978098982972497
0.6038732459251323
0.7126242796375241
0.8333713802850674
0.9034170833884924
0.8509130016744353
0.6826422722804673
0.496021364067309
0.3990685056473627
0.40415039086176097
0.4262747489927656
0.3975424290958259
0.3489512412641543
0.36661702413281144
0.48736547087220905
0.6521276621603247
0.7600954468938281
0.7617234653543372
0.6934099722720025
0.6183098971958433
0.5449962759139356
0.4430513801147086
0.3221537292182384
0.23845140297651
0.23504214941166313
0.31788772160526635
0.46041218467507333
0.6100381438109928
0.7176044135011017
0.7524879016989577
0.6950492336952079
0.55448075770326
0.3836113569388993
0.24915460436704912
0.18534831646713334
0.1914221096144646
0.2608006211495026
0.384957058497592
0.5370841870389489
0.6677831630414867
0.7202673140580351
0.6655010622237488
0.5267296318978577
0.36691267717110315
0.24998530490096973
0.20419603304258202
0.22463673175168178
0.29615623665114504
0.4009198296742379
0.5203935027199272
0.6300114145692697
0.6861703581683201
0.6476941986245364
0.5216692144428359
0.37204125069869526
0.2705151397740777
0.24520882801162736
0.28605713233163604
0.3715831765437204
0.48118428012397363
0.6046862360626197
0.7340859558298768
0.8371911873919167
0.8648750618786154
0.7920121865052585
0.6451292679916962
0.4925595606769725
0.39703293769432274
0.3727669044013321
0.3922777732674072
0.4238685039041978
0.4627035399215534
0.5341636387585849
0.6543057984107595
0.7818402003474479
0.8363296434289214
0.7718514171152746
0.6206359365119464
0.46467517816135273
0.3618753518024939
0.3100610002360975
0.28298845921626253
0.2746870332396845
0.3047755316322573
0.3884560142517849
0.4963530731994897
0.560093953549754
0.5397350646854641
0.464748214084993
0.3896715488051843
0.33251997935557
0.2838746993380412
0.250069190074041
0.260035838128614
0.34354600810245334
0.5003213455952787
0.6775151239799279
0.7964089761945137
0.8075755850961687
0.7167456764817204
0.5727176722099067
0.4305254946831136
0.3214207442357368
0.2559480935448902
0.23999434342451625
0.28394088220984887
0.3988769241795972
0.574404596261464
0.7606195708897887
0.8862585087503548
0.8987163950523194
0.794086516291411
0.6204945697796573
0.44685250945414323
0.3200874083467282
0.2526836714896918
0.24182365807852535
0.2893303552456167
0.4031528536637343
0.5740344743111818
0.7464714276072997
0.8338733516871212
0.7829018355501469
0.6204429837174046
0.4318626819198762
0.291082681712419
0.21916653958528606
0.20488260177248163
0.2382741853768162
0.32034428062271025
0.45108234954984855
0.6048208843533778
0.7219291148288194
0.7442742847519195
0.6612015266059884
0.5174980184668975
0.3797246207318505
0.29229837354938504
0.26381245049247576
0.2847704429987711
0.3445364274482499
0.4348322476294997
0.5449155789413145
0.6528187113304558
0.7246518649343827
0.7305419690636049
0.6641707701139352
0.5502690802206045
0.4338097040998628
0.35395988116781946
0.32171817309777817
0.32174761511219463
0.33373865485484194
0.352670516479457
0.3917020453987992
0.4638404586161982
0.5593147719804029
0.6450304744553954
0.687250360095723
0.6727149024255784
0.6129763344404374
0.5341937724630468
0.46033367433711186
0.4025861796656114
0.36303511180539655
0.3448937708570927
0.3567669621918192
0.40751623368753714
0.49340081142638303
0.5870136754386174
0.6457801256440929
0.6400185469037903
0.5743103630950074
0.48132247287407043
0.3951702928032511
0.3330111642885889
0.2998194174565933
0.3006578822572257
0.3439415591148657
0.4322858629186317
0.5453761375072962
0.636095380664301
0.6580251230549473
0.6015490127528789
0.4999305499551824
0.4000480829258129
0.33127995695586265
0.3016830063565442
0.3114493601525454
0.3611608410566293
0.4463604149219176
0.5441768630265246
0.6125347161424977
0.6148589289120832
0.5487330379321004
0.4476778534672209
0.3545572156066736
0.2947566679376536
0.2734599760112293
0.2889074148728988
0.34099399647003054
0.42693233540323017
0.5275597444701317
0.6021624934692671
0.6100863560428369
0.5442102144389248
0.44025514561924
0.34847798389821544
0.2972968459597201
0.2871823195852414
0.30882378473203814
0.3573631005882993
0.4324718650873402
0.5237820948484213
0.5967207527212604
0.6079693794043793
0.5439072180080187
0.43827235925763885
0.34581283100980315
0.2994721201919187
0.29914065824297525
0.33089537415987164
0.3833017825037302
0.4486578339118375
0.5106220184225359
0.5362493871191899
0.49934317053037
0.4134872814675251
0.32618377323048525
0.2788127263353305
0.28420429347117127
0.3368771132630032
0.42636588645828394
0.5398274657846889
0.6553886752443849
0.7342181031849091
0.7348431183308689
0.6477399648510943
0.5104189406459553
0.3817547057036818
0.3006097669351441
0.2736404513030633
0.2948850342758039
0.36246452973408666
0.475106702437455
0.6100620262985227
0.7070749858095006
0.7016636812708307
0.5882560299658718
0.4313016472751753
0.3038823103295448
0.2343572515000326
0.21859443261973097
0.25332193817144333
0.346688607662618
0.4994227014411462
0.6681407040018158
0.7669448012789455
0.7348562750871563
0.5933684172327911
0.42342372184964566
0.29132480994086674
0.2164825090384096
0.19683603654595175
0.23734232181412873
0.3545985578595796
0.5443822812367546
0.7354196170603602
0.8159455330746336
0.7344021678463948
0.5510134390181151
0.369642435839924
0.24670825527247836
0.1885439594185264
0.1927942097603327
0.273961434556873
0.4527814948257258
0.7016351927346207
0.918226901947086
0.9938134307721525
0.900908046781876
0.7049710680791559
0.49495683867878687
0.32816758851735056
0.23082973239373855
0.21231369600122454
0.28419225750857724
0.4559307736609438
0.6877393269556042
0.8795068011879644
0.9386351089271575
0.8484666761362668
0.6673461892936564
0.4674066419114938
0.3038126809329641
0.2139115029150792
0.2181988944010499
0.3372584362655718
0.5733303361548737
0.8604155217060125
1.087474194475388
1.1650191739515352
1.0608539972946034
0.8218394589983979
0.5481700969596353
0.32577810787423317
0.19239840932697122
0.1454902292281075
0.17841644493449837
0.311091494667163
0.5630435577542564
0.877141479337959
1.0973123939442966
1.0744909942566896
0.815224321518679
0.4905892012693199
0.2615036081090252
0.1556308393715619
0.13522480464305123
0.18866418944496807
0.3531271754195271
0.6715572441091867
1.0814342844214306
1.3825482801259539
1.3930277432354468
1.107124504186226
0.6968587760149172
0.3645144280161747
0.186026479812503
0.12385074914457216
0.1363747030893991
0.23121903791405482
0.45274768765236345
0.794639519370068
1.095374202790152
1.1343666923821911
0.872452360274201
0.5053240883763767
0.2449778862203371
0.1307579981949584
0.10863978215293824
0.15710933118643436
0.3159546718695668
0.6415383241448539
1.0744689811394008
1.3906394815084229
1.3919208184738314
1.0885542924244145
0.6738201263338769
0.3483422695276738
0.17789405157903718
0.12358796937291704
0.14894360129098322
0.2680751558462106
0.5210936444965263
0.8889298565388957
1.2274665130483695
1.3546730324439034
1.2184660205081075
0.9077952027115079
0.5563844660182368
0.2931693608523219
0.17708591322308698
0.19709879441996783
0.3347438206356586
0.5389521414043312
0.7319822880473017
0.9135275478001907
1.1327263577688016
1.349078126938301
1.4318922519595054
1.2925032617197403
0.9749851191912581
0.6553966990941789
0.509984141156127
0.5250305241185683
0.5294041701140486
0.43123207453531787
0.31651453776855326
0.32018391595498624
0.4825434331882286
0.7300454218512396
0.9363688712760748
1.0276021273919174
1.0169566522533444
0.9246750746227795
0.7419798478296871
0.49734194939670445
0.28077355777028845
0.1635522816118151
0.1432045073629295
0.20402052309783467
0.36330105733430973
0.6487492864566046
1.0314360619947363
1.3538822316760333
1.4066193023588363
1.1346418780556908
0.708883792886938
0.3592452954819254
0.17280846176728798
0.10883609524728788
0.12406423057382472
0.2344755069313245
0.48964064983978756
0.8652967241760968
1.203356003743674
1.3273065223843992
1.196772707425935
0.8925148151056984
0.5351592059772455
0.2674736729661897
0.15975456188643525
0.19096462810052106
0.3358438957108274
0.5422760696278774
0.7455512044295596
0.9590003708057886
1.184222176676529
1.3041841460583794
1.1816887736138557
0.8216219853334454
0.43746582626220404
0.26450425629296753
0.3234440284288704
0.47180301758719767
0.5476320075846564
0.5377830857142133
0.6256814176302634
0.8963060078163286
1.1096089185319025
1.018054490862778
0.6730811624182956
0.39168391354293963
0.3813301527910924
0.5170326735634132
0.5826624085569804
0.519546248293377
0.4951032991379574
0.710134241869095
1.0338020240504338
1.1269558709808343
0.8804313397015952
0.5270975306569196
0.3853525229219005
0.46449162354975115
0.5545517535218845
0.5272310058491537
0.4550426223133638
0.5551355465974058
0.8833196993571243
1.1501616085117048
1.0901569827968984
0.761687865010136
0.48586157485936016
0.4582944905630224
0.5339385089515197
0.5213369252864104
0.4172881215800043
0.4010644425728299
0.6414748481984164
1.0117549166723394
1.1872194661573072
1.036311040803574
0.7321450603255734
0.5529436266758684
0.527293046285241
0.4822033136590432
0.35931805850130666
0.2710241093857619
0.37632816566303673
0.7350914234296059
1.1678790883795835
1.399808454987121
1.3351103117607417
1.0746986947932233
0.7880513571115498
0.5501815664798343
0.3410848550380466
0.18780613224983359
0.13426309438175016
0.20629181078658704
0.4532590197284247
0.8529635054546145
1.2344907589860667
1.3985691338269397
1.2319314821140708
0.8261599350303662
0.43027771820328403
0.1943062906770024
0.10103804139452871
0.09417824438115173
0.17628748796071259
0.41723635064515463
0.8377585408014283
1.2565270159525364
1.3958283188456087
1.1565885840890162
0.7192062868732996
0.3552020266339261
0.16813813377393827
0.10555199520940732
0.11491868567672758
0.20668223562660787
0.43889041689808206
0.8130060410297683
1.1576464984109833
1.2460322790068499
1.0358020562734935
0.6908219812601379
0.39417138478204
0.220203780477319
0.1564021944138926
0.1862363413291951
0.3276209745403986
0.5785407702258067
0.8627425703092837
1.098845630930824
1.2761028259273917
1.4156008259221289
1.4859153941178325
1.4284994049778768
1.2349378520792216
0.9773315214231537
0.7802136182372157
0.6992781150228985
0.6410664080160111
0.5048808505630493
0.33251397247220676
0.2385201176873211
0.2786015015267857
0.4561751962710036
0.7427402801125391
1.0618259150289016
1.3146779065743723
1.3918532327894901
1.2121610370293296
0.840336075194281
0.4699483941437468
0.240111249719093
0.1483586769455562
0.1441481734830186
0.21841439521677036
0.41848421541029773
0.7977526612054502
1.2833884973649268
1.6425623648549834
1.6860294507133
1.430581425620506
1.0294385862697935
0.6351096978846146
0.3524407939886826
0.2188532745790043
0.2247651380669234
0.3588102562431073
0.5694924907632964
0.7477841178845781
0.8409652525758694
0.9035057977759041
0.9884099176987924
1.0525279405392678
1.0198605456078849
0.8778555272983292
0.7008185840445793
0.6030474041744804
0.6136164831916326
0.6206479380416767
0.5237465373630958
0.3706685075480277
0.2857714881009624
0.33097771653043334
0.48938623752762467
0.702739815401159
0.903341367972696
1.0433319514439428
1.0747370183789697
0.9494373617882552
0.6941836366928575
0.42216428539321244
0.23962951914304084
0.1690357956450553
0.18726631358050927
0.2895103574281082
0.4857926797044325
0.7521024255925206
0.9833950118387677
1.0308082754371766
0.8456403068298711
0.5487888899102518
0.3072178212956435
0.18178491924443113
0.1464922876640243
0.1822445758406625
0.31405955464773594
0.5846128088089263
0.9540025977298184
1.2469321564986902
1.29570459039839
1.098816271418359
0.7903653617342392
0.5002952709620292
0.29549942101858
0.19524732857004112
0.19560073556302707
0.29417693365159125
0.4678039983244471
0.6503600484697288
0.7940131141764699
0.9049137395019091
0.9822584759814534
0.9728683156693525
0.8296394631656961
0.5977733384521497
0.40531290728337005
0.35346947609277174
0.427518717012234
0.516892280125014
0.5309659125239365
0.5078250752238473
0.5826451565593126
0.8101363830524589
1.0635207408939256
1.1618576733037242
1.0405956796200395
0.8058353567223234
0.6347002898534886
0.5658523223338935
0.49122912305279787
0.3634543813331551
0.2621466239365729
0.2930703589441317
0.5202282206910867
0.9189174654704301
1.3450253978479327
1.644677043626779
1.7347569036990875
1.5693368869643771
1.1786998171774936
0.722306492404631
0.37879912629097484
0.20149397623266696
0.14263516695577474
0.1598757647899088
0.261282707883515
0.4879762435093788
0.8321679125746155
1.160620139746449
1.303894649406765
1.2168451360450436
0.9898765850425706
0.7324653235489629
